assets/unittest/rioSinos_fac.asc
ncols 1546
nrows 931
xllcorner -51,428722
yllcorner -30,018405
cellsize 90
NODATA_value -9999
[rows 74 to 147 of 931, columns 0 to 95 of 1546]
-9999 0 0 2 4 19 1 1 0 0 0 7 3 2 2 1 0 1 0 2 1 0 0 0 0 6 3 2 0 1 0 0 0 1 4 5 6 7 91 99 0 1 2 8 2723 2755 22 4 3 2 3 1 1 0 0 1 3 4 5 6 3250 7 6 5 4 3 2 1 0 0 1 0 1 2 12 4 1 2 0 1669 55 1 0 1 0 0 0 1 0 1 0 2 0 0 0 0
-9999 0 0 0 0 3 0 0 0 0 0 2 2 2 1 1 0 0 0 0 0 0 0 0 0 3 0 1 1 0 0 0 1 2 3 65 70 82 3 2 0 1 3 3 3 3 2756 4 3 4 2 2 1 1 0 0 1 2 3 4 3264 6 5 4 3 2 1 0 0 0 3 1 0 2 3 13 5 5 1679 7 2 52 9 6 5 4 3 2 1 0 0 0 0 0 0 1
-9999 0 0 1 2 0 0 0 0 1 3 0 1 1 1 0 0 0 0 0 0 0 1 2 0 1 0 0 0 0 0 1 3 4 60 3 6 3 2 1 0 2 2 2 2 2 5 2895 5 3 3 0 4 1 0 0 0 1 2 3 4 3278 5 4 3 2 1 0 0 1 1 6 1 3 4 0 14 1694 1 2 0 1 41 10 9 8 3 2 1 0 0 0 0 0 1 1
-9999 1 0 0 0 0 1 1 1 3 13 6 0 0 0 0 0 0 1 4 6 1 2 6 1 0 0 0 1 0 1 3 4 54 2 2 2 2 1 0 1 1 1 1 1 0 0 116 2900 4 1 5 2 1 1 0 0 1 2 3 4 3290 0 3 2 1 0 0 0 1 2 9 2 4 5 1 15 1696 0 0 1 0 17 11 1 0 3 2 0 1 1 1 0 0 2 5
-9999 0 0 1 1 1 1 2 4 20 1 1 4 2 0 0 3 9 10 12 0 8 28 6 3 2 0 0 1 4 6 0 46 1 1 1 1 1 0 0 0 0 0 0 0 1 115 41 50 2957 8 3 0 4 1 0 0 0 0 1 2 3294 7 2 1 0 0 0 2 0 2 3 1791 1777 1765 1761 1742 20 3 2 1 0 2 13 8 5 2 0 0 2 4 1 0 0 0 0
-9999 1 0 3 6 2 2 5 35 8 0 0 0 0 0 1 1 0 0 0 14 0 29 0 1 0 0 0 0 0 1 43 0 0 0 0 0 0 0 0 0 0 0 0 1 112 40 5 1 2 2973 4 1 7 1 1 0 0 1 0 0 1 3305 1 0 0 0 1 1 3 4 1806 9 2 0 1 3 19 15 1 0 0 1 2 9 1 1 0 0 1 10 0 1 1 0 1
-9999 0 1 1 2 10 14 62 1 0 6 5 4 3 1 0 0 0 1 2 3 63 37 2 1 0 0 0 1 1 24 7 0 0 0 0 0 0 0 1 1 1 3 107 109 39 4 0 1 2 9 3000 3011 0 2 2 2 0 0 2 1 0 3312 2 1 0 0 1 2 1838 1831 1 2 2 1 0 2 3 14 12 1 0 0 1 6 1 0 0 0 1 15 3 0 2 0 1
-9999 0 0 0 1 2 3 72 8 7 6 4 1 0 0 0 0 1 2 3 4 64 0 1 0 0 0 1 1 23 0 2 2 0 3 6 7 1 3 5 87 98 101 0 33 4 3 0 1 5 2 10 5 3061 3062 3071 4 0 0 4 0 2 3314 0 0 0 2 2 1842 7 6 16 0 1 1 0 1 2 5 7 9 3 1 0 3 1 0 0 1 2 3 20 4 0 0 1
-9999 0 0 0 1 2 3 80 2 1 0 0 1 0 0 0 0 0 1 2 3 69 0 0 1 0 0 3 18 5 0 1 1 0 0 1 2 11 12 78 3 3 1 0 31 3 2 0 4 1 9 4 7 33 1 0 3080 1 0 6 1 3319 0 0 0 1 4 1883 1879 15 8 5 15 0 0 0 0 1 4 3 2 4 0 0 1 0 0 0 1 2 3 8 27 1 0 0
-9999 0 0 1 0 0 0 85 2 1 0 0 0 1 1 0 0 1 0 0 0 0 71 1 3 0 0 1 1 2 0 0 0 0 0 0 0 1 55 8 2 2 0 1 28 2 1 3 0 8 3 6 14 17 0 1 5 3099 3107 3121 6446 0 0 1 1 1908 1900 4 8 2 5 7 4 13 9 5 0 0 1 1 2 1 3 0 0 0 0 0 0 0 1 2 42 1 0 0
-9999 0 1 1 2 1 2 89 1 0 1 1 2 0 2 1 1 0 2 1 1 2 74 4 1 0 0 0 0 0 0 0 0 0 1 3 5 52 4 2 1 1 0 3 23 1 0 2 7 2 5 11 1 16 0 4 3 7 3 5 0 6447 1 1924 1919 9 1 8 3 7 1 4 6 3 2 2 3 1 0 0 0 0 0 1 0 0 0 1 1 1 0 0 0 46 1 0
-9999 1 0 4 3 0 95 2 0 2 2 3 1 3 0 2 2 0 1 3 2 2 78 5 3 2 0 0 0 0 0 0 1 3 24 28 40 4 3 1 0 0 2 19 2 0 1 6 1 4 10 0 14 0 3 2 6 2 4 0 0 6448 1933 5 1 4 3 0 7 2 6 0 3 5 2 1 1 0 0 0 0 0 0 0 0 2 1 1 2 4 0 1 1 50 2 0
-9999 2 1 5 4 0 97 4 3 3 4 2 4 1 0 3 3 0 1 6 0 3 3 94 4 0 0 4 1 0 3 6 14 18 2 4 5 3 1 0 0 1 14 3 1 0 5 0 3 4 4 4 8 2 1 5 1 3 0 1 3 8399 3 1 2 0 3 2 2 3 1 5 2 0 3 1 0 0 0 1 1 2 1 0 0 0 3 2 2 8 0 1 2 58 1 0
-9999 3 2 6 5 1 161 62 49 41 27 21 13 9 6 0 0 5 7 17 0 1 105 0 8 7 5 0 0 0 0 2 2 2 1 3 4 0 1 0 0 11 1 2 0 1 2 2 3 3 3 7 1 0 4 0 2 0 1 5 6 8401 0 0 0 1 0 2 1 1 2 0 4 1 1 0 0 0 0 1 4 5 1 1 0 0 1 6 10 12 0 1 64 2 1 0
-9999 4 0 10 6 174 7 3 2 2 7 1 1 0 0 0 0 0 1 0 18 52 159 11 0 0 1 0 0 0 0 0 1 1 0 2 1 1 0 0 8 1 0 1 0 1 1 2 2 2 6 0 0 3 0 1 0 1 2 0 1 8403 0 0 3 2 1 0 1 0 0 1 1 1 0 0 0 0 1 1 7 8 2 1 0 0 1 0 1 13 13 3 71 2 1 0
-9999 0 5 198 178 0 1 2 2 1 1 6 0 0 0 0 0 1 2 26 31 0 1 172 1 2 1 1 1 0 0 0 0 0 0 0 0 0 0 2 2 0 0 0 0 0 1 1 1 4 0 0 1 0 1 2 3 4 5 6 7 8426 11 9 4 3 2 1 0 0 0 0 0 0 0 0 0 1 1 2 10 12 2 0 1 1 0 2 0 0 14 105 1 0 0 0
-9999 0 206 1 0 1 0 0 1 1 0 0 5 0 0 2 4 6 19 2 0 0 1 177 5 2 2 2 1 1 1 0 0 0 0 0 0 0 0 0 0 0 0 0 0 0 0 0 0 2 0 1 9 12 15 16 17 18 19 0 1 8429 5 4 3 2 1 0 0 1 1 0 0 0 0 0 2 4 7 2 14 16 1 2 0 0 2 1 3 1 1 108 2 1 0 1
-9999 1 215 5 4 3 2 1 0 0 0 0 2 4 0 1 0 1 9 1 0 2 4 5 203 3 3 5 2 2 1 1 0 1 1 0 1 3 0 0 0 1 1 0 0 1 0 0 1 0 4 6 1 1 0 1 2 3 0 20 0 8442 4 2 1 0 0 1 2 2 1 1 1 2 0 0 0 1 2 11 30 19 3 1 0 0 1 3 2 4 2 114 0 1 0 2
-9999 225 6 3 2 1 0 0 0 0 0 0 0 0 0 0 2 6 1 0 0 0 4 10 1 204 8 9 3 2 2 1 0 2 2 1 6 1 0 1 1 2 2 1 1 2 1 0 0 2 0 0 0 0 1 2 3 4 9 11 33 8478 0 0 0 1 2 3 3 2 2 8 5 1 0 0 2 3 4 5 6 55 2 1 0 0 1 2 4 3 9 119 2 0 1 3
-9999 2 0 1 0 0 1 1 1 1 1 0 0 0 1 2 1 0 1 0 1 3 1 2 0 0 206 241 4 3 3 2 1 3 3 2 9 0 1 2 5 0 3 2 2 9 3 0 0 0 1 2 3 4 5 6 7 8 9 10 11 8479 0 1 2 3 4 4 21 17 13 3 2 1 0 0 1 2 0 1 0 64 5 0 1 0 1 2 8 0 0 10 123 1 2 4
-9999 0 0 0 1 0 4 2 5 2 0 1 1 1 2 6 0 0 0 0 0 0 0 0 0 1 14 1 247 9 4 3 2 4 4 13 0 1 2 3 6 1 24 16 12 1 0 0 0 0 1 2 0 0 0 0 1 2 78 82 86 99 8481 5 4 5 5 22 0 4 3 2 1 0 0 0 1 2 6 7 10 11 84 0 2 0 1 5 9 1 0 1 135 1784 1781 1767
-9999 0 0 3 1 5 11 7 0 0 1 2 2 5 7 0 0 0 0 0 0 1 5 7 8 11 0 2 0 249 15 4 3 5 5 15 0 2 3 4 38 27 1 0 0 0 0 0 0 1 2 3 7 9 11 59 65 74 2 0 1 4 113 8622 18 6 23 1 9 3 2 1 0 2 0 0 1 2 3 4 5 6 7 86 3 0 1 8 10 2 1938 1936 1789 1 9 3
-9999 1 4 2 19 12 0 0 0 1 2 3 9 8 7 5 3 1 0 0 1 2 0 0 1 0 1 0 0 1 268 5 4 6 6 16 4 4 46 40 0 0 0 1 1 1 0 0 1 3 7 10 13 16 45 4 4 2 1 0 3 2 4 0 8662 38 13 10 0 8 7 6 5 1 0 0 1 2 3 4 5 6 7 16 87 4 1 13 1968 1953 6 7 1 0 2 5
-9999 5 3 20 0 1 1 1 0 2 3 4 31 11 2 1 0 0 0 1 1 1 0 0 1 2 3 0 1 2 3 279 5 7 24 5 53 47 0 0 0 0 1 4 2 1 1 0 0 2 1 1 1 7 19 3 3 1 0 2 1 3 2 3 8669 1 0 1 9 4 3 2 1 0 0 0 0 0 1 2 0 1 2 3 17 88 5 1986 2 6 5 2 3 0 1 4
-9999 4 21 1 2 2 0 3 0 3 4 40 2 1 0 0 1 0 1 2 4 0 0 0 1 2 0 16 19 24 32 36 317 332 31 54 0 1 1 0 1 1 7 3 8 5 2 0 0 0 0 0 6 16 1 2 2 0 1 0 2 1 0 1 8672 0 2 10 12 6 5 4 3 2 0 0 1 1 0 1 3 4 5 0 4 23 2106 10 9 1 5 4 1 2 0 3
-9999 22 2 3 3 1 4 0 1 4 48 1 0 0 1 0 2 1 2 8 1 0 0 1 2 4 10 0 3 2 3 2 0 4 428 1 2 0 2 1 2 10 28 23 11 8 5 2 0 0 2 5 12 2 0 1 1 0 0 1 0 0 1 2 3 8721 29 14 0 5 4 3 2 1 0 0 2 2 2 0 2 0 0 6 1 0 2125 5 4 8 0 4 3 0 1 2
-9999 24 3 4 4 7 1 0 2 54 0 0 1 2 0 1 5 3 9 2 0 1 1 0 0 0 0 2 1 0 1 1 2 2 1 433 4 0 3 2 48 33 3 1 1 1 1 1 0 0 1 1 9 1 0 0 0 1 2 0 0 1 2 3 4 8741 12 11 10 3 2 1 0 0 0 0 0 3 3 3 1 3 1 1 7 2128 8 7 3 3 7 3 3 2 0 1
-9999 0 26 4 10 12 1 3 55 1 1 2 3 1 0 2 10 14 3 0 1 4 1 0 0 0 0 0 0 0 0 1 1 0 2 4 445 4 3 52 2 1 0 0 0 0 0 0 0 0 0 6 1 0 0 0 1 2 3 7 9 10 11 12 13 0 8746 2 1 0 1 0 1 1 0 0 1 1 4 4 4 2 4 2 10 2144 5 1 2 2 2 2 2 2 1 0
-9999 0 0 27 63 5 4 56 2 2 3 4 2 0 4 11 16 0 0 1 2 7 1 0 1 1 0 0 0 0 0 0 0 1 0 0 452 4 53 1 0 0 0 0 0 0 0 0 0 0 4 0 0 0 0 1 0 1 2 3 4 5 6 7 8 9 8757 1 0 2 0 2 2 1 0 1 0 2 2 5 5 5 3 5 2166 6 1 2 0 1 1 1 1 1 1 0
-9999 0 0 2 65 0 57 0 6 4 5 0 3 6 12 17 0 0 1 2 3 8 3 0 2 3 1 1 1 0 0 0 1 2 3 4 5 512 2 0 1 1 1 1 1 1 1 1 0 0 0 0 0 0 1 1 2 0 0 0 0 0 1 2 3 4 8763 6 3 1 3 3 2 1 0 2 0 1 5 3 6 6 6 2187 2 1 3 0 1 0 0 0 0 0 0 0
-9999 2 4 9 84 0 58 1 7 11 1 0 11 13 18 1 1 2 0 3 4 9 5 0 3 4 2 4 1 0 1 0 1 2 3 8 12 532 4 2 2 2 2 2 2 2 5 2 0 0 0 0 0 2 4 7 10 14 16 1 80 84 86 90 91 92 93 8865 2 4 4 3 2 1 0 3 0 1 0 6 4 7 7 2190 1 0 0 2 1 0 0 0 0 0 0 0
-9999 0 0 3 3 94 164 169 184 203 2 1 26 19 2 2 3 0 1 4 5 16 1 4 0 8 0 5 3 0 2 0 0 1 3 2 0 1 541 3 3 7 3 16 12 8 1 0 0 0 2 1 0 1 2 5 7 8 9 76 1 0 2 1 2 8 10 12 8893 5 4 3 2 0 5 0 0 1 4 1 7 13 30 2193 1 0 0 0 0 1 0 1 2 50 48 45
-9999 0 1 0 2 8 9 1 5 5 204 280 47 3 3 4 1 0 2 5 6 19 5 1 0 10 6 0 4 1 4 0 0 0 1 0 1 2 586 34 29 20 19 1 0 0 0 1 0 0 1 5 0 0 1 0 0 1 46 1 0 1 0 2 4 0 0 0 1 8904 4 3 1 6 1 0 0 1 0 5 2 0 2416 189 2 1 87 85 81 78 74 70 62 1 0 0
-9999 0 0 1 3 3 8 0 4 4 5 226 281 8 5 2 1 3 0 6 27 9 2 0 1 11 8 5 2 5 1 1 0 0 0 1 2 3 593 1 0 0 1 0 1 1 2 1 1 0 0 12 14 15 0 1 34 41 1 0 0 0 1 0 18 23 28 29 30 8944 5 0 9 2 1 1 0 0 2 1 6 10 2423 4 185 90 1 0 1 0 1 0 3 8 4 1
-9999 0 0 2 2 5 1 3 3 4 4 9 0 292 9 2 0 4 1 35 10 0 1 0 2 12 9 9 6 2 6 3 1 0 0 1 2 3 598 0 1 2 0 2 2 3 2 2 1 0 0 1 0 5 26 31 2 2 0 0 5 9 13 17 3 3 4 9 14 8974 0 10 3 2 2 1 0 0 1 3 2 2453 4 0 3 93 89 2 1 0 0 0 0 1 2 1
-9999 0 1 1 4 0 2 2 3 3 3 4 4 14 327 3 1 7 36 11 1 0 2 1 3 23 10 7 12 8 0 2 1 0 0 2 3 6 7 614 3 1 28 24 20 15 11 7 4 2 1 0 3 3 2 0 1 1 1 3 2 2 2 2 2 3 3 3 3 12 8986 4 3 3 2 0 1 1 0 2 2458 9 4 3 2 0 1 85 6 5 3 2 1 0 0 1
-9999 0 0 2 0 1 1 2 2 2 3 3 3 4 8 333 345 391 12 2 0 1 3 2 4 35 8 19 5 4 3 2 1 0 0 0 1 0 1 617 2 39 9 8 7 6 5 4 3 2 1 0 2 2 1 0 0 0 0 1 1 1 1 1 2 2 2 2 3 3 3 9000 0 7 0 1 2 2 1 2464 1 0 3 3 2 1 0 3 73 61 5 4 3 2 1 0
-9999 0 0 0 0 0 1 1 1 2 2 2 3 3 3 4 4 8 414 3 1 2 4 3 41 9 30 9 8 7 6 2 1 0 0 1 2 3 4 5 666 4 3 2 1 0 2 1 0 0 0 0 1 1 0 0 0 0 0 0 0 0 0 1 1 1 1 2 2 2 1 2 9010 9 0 2 3 2552 2546 14 11 8 2 2 2 1 0 2 2 7 54 1 0 0 0 0
-9999 0 0 0 0 0 0 0 1 1 1 2 2 2 3 3 7 7 14 436 2 3 5 4 52 37 5 4 3 2 1 0 1 0 0 0 1 2 3 10 667 0 8 7 6 5 1 0 1 1 0 0 0 0 2 0 1 1 1 0 0 0 0 0 0 0 1 1 1 0 2 4 0 9022 1 7 2554 1 58 4 1 1 4 1 1 1 0 1 1 2 3 51 41 5 3 1
-9999 1 2 1 0 0 0 0 0 0 1 1 1 2 2 6 6 4 0 1 446 454 6 58 38 0 0 0 0 0 4 3 0 0 0 1 0 1 2 3 680 9 1 0 1 0 0 10 7 4 2 0 0 1 0 4 6 9 4 1 0 2 0 0 0 0 0 0 0 1 0 0 1 2 11590 2556 0 0 0 57 3 0 0 3 0 0 0 0 0 1 2 3 4 33 24 17
-9999 0 5 2 1 1 1 0 0 0 0 0 1 1 2 2 5 3 0 3 4 1 458 525 42 1 1 1 1 5 0 0 1 0 1 0 2 0 0 0 685 12 0 2 0 1 16 4 3 2 1 0 0 0 0 0 1 2 13 21 1 3 1 1 1 0 0 0 0 1 2 0 1 2 11600 5 4 3 2 1 56 2 1 0 2 1 0 0 0 0 1 2 3 5 1 5
-9999 0 1 9 2 2 2 1 1 0 0 0 0 1 1 1 2 2 2 3 0 0 9 10 575 5 2 2 6 1 1 2 1 0 0 2 1 3 1 1 700 5 3 4 2 17 0 3 2 1 0 1 0 0 1 1 2 3 4 5 28 47 54 2 2 1 0 1 1 0 0 3 0 1 11631 24 23 20 4 2 0 55 45 8 7 6 5 3 1 0 0 1 2 4 0 2
-9999 0 2 2 10 6 3 2 2 1 1 0 0 0 0 1 1 1 2 2 5 8 2 3 596 4 3 7 2 2 3 2 1 1 0 0 3 2 4 4 715 7 6 0 18 1 4 0 0 3 2 1 0 1 0 2 3 4 9 12 15 3 7 66 70 5 1 0 2 2 1 1 4 0 11667 21 13 1 14 0 1 0 7 35 6 5 4 3 2 1 0 0 1 2 0 1
-9999 0 1 5 3 18 4 3 5 2 1 0 0 0 0 0 0 1 1 1 1 1 1 3 601 0 8 3 3 4 3 2 2 1 0 0 1 6 10 726 2 1 0 19 2 5 3 1 4 0 2 0 1 2 1 0 1 3 1 1 2 2 2 2 4 76 83 2 1 3 3 6 15 11668 6 5 6 12 0 13 2 0 2 3 27 18 14 4 3 2 1 0 0 0 0 0
-9999 0 1 2 9 4 24 10 0 5 1 1 1 0 0 0 0 0 0 0 0 0 0 0 603 10 4 4 5 4 3 3 2 1 0 1 0 1 2 746 1 0 20 3 6 4 0 5 1 3 0 1 2 3 2 0 0 0 0 1 1 1 1 0 0 1 2 87 91 2 7 8 11695 0 0 4 4 5 11 5 9 1 1 2 0 6 2 8 5 2 1 0 0 0 0 0
-9999 0 1 0 0 10 5 36 1 8 2 0 3 0 1 1 0 0 0 0 0 0 0 0 1 617 5 11 5 4 4 3 2 1 0 2 0 0 0 748 0 21 4 7 5 1 6 2 4 1 0 2 3 4 3 1 0 0 0 0 0 0 0 0 1 2 3 4 5 98 99 0 11704 6 5 2 3 3 4 4 4 8 0 0 1 3 1 1 1 1 0 0 1 1 1 1
-9999 0 2 5 7 9 21 43 2 9 4 0 4 1 2 2 1 0 1 1 1 2 0 1 2 3 628 30 11 5 4 3 0 2 1 3 0 1 1 751 29 5 8 6 2 7 3 5 5 2 0 3 4 5 4 3 0 1 0 0 0 1 2 4 5 6 7 8 9 10 0 101 11708 2 1 1 1 2 2 3 3 3 7 4 1 0 2 0 0 0 0 1 2 2 2 2
-9999 0 1 4 5 12 13 36 47 10 5 1 5 2 3 3 2 0 3 2 0 2 3 636 652 658 659 1322 0 0 9 1 3 2 0 4 0 1 2 782 10 9 7 3 30 21 16 9 2 1 0 4 5 6 5 4 1 2 1 0 1 0 0 1 2 3 4 5 0 0 11 11832 8 1 0 0 0 0 1 1 2 2 2 1 1 0 0 0 0 0 0 3 3 3 3 3
-9999 0 1 2 5 3 7 11 52 104 122 2 6 3 4 4 3 1 4 3 1 602 630 1 12 4 1 0 1326 0 10 6 3 0 1 5 1 0 2 800 52 51 42 37 5 4 3 2 1 0 0 5 6 7 6 5 2 3 2 1 0 2 1 2 3 4 5 0 6 1 1 11889 0 5 4 3 2 1 0 0 0 1 1 1 0 0 0 0 1 1 1 4 4 4 4 4
-9999 0 1 1 2 2 2 2 2 1 3 130 7 4 5 0 9 560 570 585 596 11 14 0 11 3 0 1 8 1369 1384 1395 1400 3 0 6 2 0 1 860 5 4 3 2 1 0 0 0 1 0 0 1 13 8 7 6 3 4 3 0 2 1 3 0 0 0 0 6 8 0 11892 52 9 8 7 6 5 4 3 2 1 0 0 0 0 0 1 1 2 2 2 5 5 5 5 5
-9999 0 0 1 1 1 1 1 0 0 0 1 141 5 6 1 557 1 3 9 9 10 10 2 10 2 0 1 3 31 2 1 0 1412 0 7 3 1 863 1 0 0 0 0 0 1 1 2 0 0 1 0 16 9 8 7 4 5 4 0 1 3 2 4 1 1 1 8 11955 11935 11 6 41 12 11 10 9 8 7 6 5 4 3 0 0 1 10 16 20 0 6 12 0 6 6 6
-9999 0 0 0 0 0 0 0 0 0 0 1 2 145 159 533 8 0 2 8 8 9 9 1 9 1 0 2 9 20 1 0 5 0 1415 8 4 2 866 0 1 1 1 1 2 2 3 1 1 0 0 2 18 19 8 0 5 6 0 5 1 2 4 3 5 8 13 11959 0 28 1 1 5 27 26 25 24 23 18 3 2 1 0 1 1 6 0 1 5 30 33 54 1 7 0 14
-9999 1 0 0 0 0 0 0 1 1 1 0 0 330 368 3 6 0 1 7 7 8 8 0 8 0 1 8 2 16 0 1 2 6 26 1459 1482 3 867 1 2 4 2 3 3 4 2 2 1 0 0 1 3 48 1 6 7 0 0 1 6 2 3 5 4 5 11981 0 2 0 26 0 0 4 3 2 1 0 3 13 2 1 0 0 0 3 0 2 2 0 0 1 57 8 1 15
-9999 2 1 1 0 1 1 1 1 2 4 1 328 1 32 1 2 5 0 6 6 6 0 7 7 0 7 1 12 2 0 1 5 6 11 6 16 1487 1493 2366 2391 18 12 4 0 5 3 5 0 1 1 0 2 53 9 8 1 0 0 1 4 7 3 4 6 7 11991 0 0 1 0 25 24 7 6 5 4 3 2 2 9 2 1 0 0 1 1 1 1 3 4 5 8 76 2 85
-9999 3 2 2 0 1 2 2 2 2 306 308 16 0 26 4 0 1 4 5 0 4 5 6 6 6 0 5 5 1 0 4 5 10 5 5 9 3 0 1 1 2395 2 1 0 6 4 6 3 0 2 1 3 64 9 2 1 0 0 1 2 8 8 4 5 6 11999 26 24 23 22 21 19 15 14 13 10 7 4 1 1 5 3 1 0 0 0 0 0 0 1 2 3 4 173 1
-9999 0 3 3 0 1 4 3 3 275 18 0 11 3 21 3 3 0 3 1 2 3 4 5 5 5 4 2 1 0 3 4 4 4 4 4 8 2 0 0 0 1 2396 0 1 7 5 7 4 4 0 2 4 75 3 2 1 0 0 1 2 0 9 9 15 16 12051 6 5 4 3 2 0 18 6 3 1 1 1 3 0 0 0 0 0 0 0 0 1 2 3 4 5 6 186 4
-9999 0 4 4 0 2 3 5 264 2 2 14 10 2 17 2 2 2 2 0 1 2 3 4 4 4 3 1 0 2 3 3 3 3 3 7 1 0 1 2 3 4 2405 0 2 8 6 8 5 6 3 0 81 4 3 2 1 0 0 1 0 3 1 10 0 1 12059 4 3 2 1 0 1 8 1 1 2 0 0 0 2 1 0 0 0 0 1 1 0 0 0 0 0 0 192 3
-9999 5 0 5 0 0 1 6 246 1 1 1 13 9 1 16 1 1 1 1 0 1 2 3 3 3 2 0 1 2 2 2 2 2 6 0 3 7 11 12 13 22 257 2669 2677 2698 0 9 13 4 1 0 87 4 0 5 1 0 0 1 2 1 4 2 11 0 12066 5 4 3 2 1 0 0 7 0 0 1 0 0 0 0 1 0 0 1 1 2 2 1 1 3 1 1 193 3
-9999 7 0 6 1 0 1 242 0 0 0 0 0 12 8 0 15 0 0 0 0 0 1 2 2 2 1 0 1 1 1 1 1 2 2 2 2 2 4 6 7 0 233 3 3 2 2700 2711 2732 0 3 88 5 1 0 6 2 1 0 1 2 3 7 0 3 12113 26 15 6 5 4 3 2 1 0 6 5 4 3 1 1 2 1 0 0 1 2 2 3 3 2 0 4 7 208 7
-9999 8 1 7 2 0 240 6 5 4 3 2 1 0 11 7 6 14 11 2 1 0 0 1 1 1 0 0 0 0 0 0 1 1 1 1 1 3 0 2 3 221 9 2 2 1 0 0 2734 4 89 6 2 1 7 3 0 2 0 1 2 3 12 1 12115 1 8 0 7 6 5 4 3 2 1 0 0 1 0 2 3 0 2 1 1 0 2 3 3 4 4 3 1 2 223 5
-9999 0 15 24 106 109 119 113 40 35 29 22 17 11 5 10 2 5 1 7 2 1 0 0 0 0 0 0 0 0 0 0 0 0 0 0 2 0 1 0 5 210 8 1 1 0 2 6 2767 0 97 0 3 2 8 4 1 3 1 0 2 10 12284 12117 0 0 0 7 6 5 4 3 2 1 0 1 2 0 3 4 1 0 3 2 2 0 1 3 4 4 5 5 4 3 229 4
-9999 0 1 0 76 1 4 1 69 3 4 5 3 4 4 4 6 1 4 0 3 2 0 0 0 0 0 2 1 1 1 3 0 0 0 1 0 1 2 3 194 14 7 0 0 1 2 6 12 2778 2890 2904 2909 2913 9 5 6 0 0 2 4 12290 0 138 134 133 131 123 12 11 10 9 8 7 6 3 1 4 5 2 1 0 4 3 3 0 1 2 4 5 5 6 6 247 7 6
-9999 0 0 66 8 0 3 0 2 65 2 3 4 2 3 3 3 5 0 3 2 0 0 0 1 3 1 0 3 6 9 0 4 6 8 9 0 1 168 186 6 6 6 6 0 1 5 6 4 9 11 7 3 7 2923 2934 13 1 1 0 12291 1 0 0 1 0 0 6 109 4 3 2 1 0 9 8 5 6 3 2 1 5 4 0 4 0 1 2 3 11 0 6 262 9 7 3
-9999 0 1 64 4 2 1 0 1 46 17 1 2 3 1 2 2 2 4 2 0 0 0 0 1 0 4 7 1 0 0 10 12 13 14 0 10 165 10 5 5 5 5 5 0 4 5 3 2 5 10 6 2 6 0 1 2951 2 3 0 12294 0 0 0 3 2 1 0 5 103 98 93 88 84 68 8 7 0 25 17 14 7 1 0 0 5 1 2 6 4 12 271 11 0 0 2
-9999 0 46 11 2 3 1 0 0 11 33 16 0 1 2 0 1 1 1 0 0 0 0 1 1 2 1 0 8 2 1 1 0 0 1 139 153 4 4 4 4 4 4 4 3 4 2 1 4 0 8 5 1 5 0 7 8 2952 8 12295 0 2 14 12 7 6 5 1 0 4 3 3 3 2 4 58 54 49 19 15 11 9 2 0 0 1 8 2 0 8 27 316 3 2 1 0
-9999 37 6 5 4 1 2 0 0 9 29 2 15 12 0 1 0 0 0 0 0 1 1 2 0 6 0 2 1 9 13 16 19 116 121 7 3 3 3 3 3 3 3 3 2 3 1 0 3 7 4 0 4 5 6 0 1 2964 12306 0 0 25 4 3 2 1 0 2 1 0 3 2 2 2 1 3 2 2 2 2 2 0 5 1 0 0 0 10 3 0 1 321 1 0 0 1
-9999 36 2 2 4 3 0 1 2 5 21 6 1 1 11 8 2 1 0 0 1 3 4 0 3 0 7 9 70 80 84 85 94 3 3 2 2 2 2 2 2 2 2 2 1 2 0 2 2 3 3 3 4 0 1 2 3 4 15273 0 0 26 0 14 13 12 10 3 2 1 0 2 1 1 1 0 2 1 1 1 1 1 0 1 0 1 1 0 12 17 0 0 363 1 0 2
-9999 33 1 1 1 3 2 0 1 4 3 16 5 0 0 1 4 2 0 0 1 2 7 14 19 0 49 56 2 3 2 4 2 2 2 1 1 1 1 1 1 1 1 1 0 1 1 1 2 2 2 3 0 1 9 10 19 27 15320 0 0 28 51 2 1 0 0 5 4 3 2 1 1 0 0 0 0 0 0 0 0 0 0 0 0 2 2 2 3 4 25 376 0 37 36 31
-9999 20 11 0 0 0 2 1 0 3 2 7 7 4 3 2 0 0 0 0 1 2 3 4 19 46 1 3 1 2 1 3 1 1 1 0 0 0 0 0 0 0 0 0 0 0 0 1 1 1 2 2 5 6 5 7 3 2 11 15321 1 52 2 1 0 0 0 4 3 2 1 0 0 0 2 1 0 0 0 0 0 0 0 0 0 0 3 3 4 0 404 0 11 9 3 0
-9999 4 19 10 5 4 3 1 0 2 1 5 0 6 3 0 1 0 0 1 2 3 4 13 3 1 0 2 0 1 0 2 0 0 0 0 0 0 0 0 0 0 0 0 0 0 0 0 0 1 1 1 0 4 0 2 1 7 2 2 15327 53 0 0 1 1 5 3 2 1 0 0 0 3 0 0 1 1 1 1 1 0 0 1 1 1 1 4 0 411 1 0 0 3 0 2
-9999 3 6 11 3 2 1 2 0 1 0 1 2 0 0 1 0 0 0 0 0 1 3 3 1 0 0 0 0 0 0 0 0 0 0 0 2 1 1 1 0 1 2 1 1 1 0 0 0 0 0 1 2 0 1 0 6 1 1 1 3 15397 2 0 4 6 11 6 5 4 3 1 4 1 1 0 2 4 2 2 1 0 0 2 2 5 2 5 5 432 10 1 0 0 1 1
-9999 2 2 2 10 5 3 0 1 0 0 0 0 0 0 0 0 1 1 0 1 0 0 1 0 0 0 0 0 0 0 0 0 1 1 1 1 3 4 2 1 2 3 2 2 2 1 1 0 0 0 0 2 3 4 5 0 0 0 0 10 0 15399 15442 29 16 3 2 1 0 0 5 2 2 1 3 0 12 3 2 1 0 0 1 5 6 6 0 6 451 0 7 6 5 1 0
-9999 1 1 1 1 1 0 2 1 0 0 0 0 0 1 2 0 2 2 1 2 0 0 0 1 0 2 1 1 0 2 1 1 0 2 2 2 2 12 3 2 3 4 3 3 3 2 2 1 1 0 0 0 2 4 5 6 7 8 9 0 1 2 15446 4 3 2 1 0 1 6 3 3 2 4 1 13 4 3 4 1 0 0 0 1 2 10 7 461 5 3 2 1 0 2 0
-9999 2 0 0 0 0 0 0 0 0 1 1 0 2 2 3 1 3 3 2 6 1 0 0 1 6 1 5 2 1 3 2 2 0 1 5 10 15 17 41 42 49 55 65 4 4 3 3 2 2 1 0 0 0 0 1 2 3 4 5 0 1 2 15447 3 2 1 0 2 7 4 4 3 5 2 21 6 0 6 0 2 0 0 1 2 0 1 11 475 0 4 3 2 1 0 1
