assets/unittest/rioSinos_fac.asc
ncols 1546
nrows 931
xllcorner -51,428722
yllcorner -30,018405
cellsize 90
NODATA_value -9999
[rows 296 to 369 of 931, columns 864 to 959 of 1546]
2 0 2 1 0 0 2 5 2 47 7 6 5 3 2 0 1 6 3 5 5 4 6 13 1 3 2 0 0 0 0 0 0 1 2 3 4 5 6 7 8 9 17 435 0 4 2 1 0 3 0 1 2 7 0 342 4 3 2 1 0 1 0 0 1 1 1 4 2 10 7 14 2030 8 6 0 6 3 3 2 6 3 1 0 0 0 1 1 1 5 2 3 2 1 4 3
0 4 4 1 0 0 1 0 6 59 7 6 4 3 0 1 2 7 4 6 6 5 7 16 4 3 2 1 0 0 0 1 2 3 4 5 6 7 8 9 10 11 12 468 5 3 0 2 1 4 1 0 2 3 9 357 8 7 6 5 4 1 0 0 2 2 2 2 8 0 11 2051 9 6 0 5 0 0 2 2 1 1 0 0 0 1 1 2 2 8 3 4 3 2 16 10
6 5 0 1 0 0 1 4 6 75 7 5 4 1 0 2 3 8 5 7 0 13 42 16 10 5 1 0 0 1 0 0 1 2 3 4 5 6 7 8 9 10 11 481 10 1 0 5 0 5 2 0 1 3 380 7 6 5 4 3 2 1 0 0 0 3 7 11 0 9 1 2063 0 1 5 3 4 3 2 1 1 0 0 0 0 1 2 2 3 3 13 109 99 93 71 67
6 2 0 4 0 0 0 0 1 85 14 5 2 1 0 7 0 15 0 0 9 57 4 3 2 1 0 0 1 0 2 1 0 0 0 1 2 0 0 0 1 2 3 4 498 3 6 0 1 6 3 0 1 387 20 19 12 5 4 3 2 0 0 0 1 3 4 5 12 1 2076 2 1 0 0 0 2 1 0 1 0 0 0 0 1 1 2 3 3 4 134 5 0 1 3 2
13 9 6 0 0 0 1 1 2 3 101 9 2 1 8 0 1 16 1 1 90 21 8 7 6 3 2 0 0 2 1 3 2 1 1 0 0 3 1 1 0 1 2 133 138 644 7 1 2 7 4 0 391 26 3 1 5 5 4 3 1 0 0 1 3 4 5 0 6 13 2112 15 14 6 5 4 3 2 1 0 0 0 0 1 1 2 2 3 4 144 1 0 3 0 0 2
1 0 1 0 0 2 1 2 3 4 111 13 2 0 9 1 2 17 2 97 3 1 6 1 0 1 0 0 0 1 3 2 4 3 2 2 1 1 4 7 10 121 129 2 0 1 647 663 667 8 5 428 34 5 0 0 0 4 3 1 0 0 0 1 0 1 2 9 11 19 2115 1 0 6 5 4 3 2 1 0 0 0 1 1 2 2 3 3 154 10 2 1 0 1 0 0
1 0 1 0 0 0 3 6 0 1 2 129 4 0 10 2 140 118 110 9 6 0 0 3 2 1 0 0 1 3 6 4 3 9 0 3 3 2 5 97 109 3 2 1 0 1 4 2 3 681 437 1 0 0 4 3 2 1 0 0 0 0 0 1 4 5 6 7 8 9 2137 0 0 7 6 5 4 3 2 1 0 0 3 0 2 3 3 8 167 0 4 3 2 1 0 0
0 2 0 0 0 1 3 4 7 0 0 0 309 172 157 153 5 2 3 1 1 5 2 1 0 0 0 0 2 3 4 16 25 33 48 54 63 74 90 6 3 2 1 0 0 3 1 0 1 2 1128 7 6 5 4 3 2 1 0 0 0 0 1 3 4 5 6 0 1 2 2162 10 8 0 5 4 3 2 1 0 0 1 1 4 4 0 4 183 1 0 2 1 0 0 0 1
8 4 2 0 0 2 3 4 10 8 1 1 312 1 1 2 2 1 1 2 0 0 1 0 1 1 0 0 0 1 3 2 2 3 3 3 5 13 0 5 2 1 0 1 2 0 0 1 2 1135 0 0 1 0 0 0 3 2 1 1 0 0 1 2 0 0 1 7 8 9 2189 15 14 12 5 4 3 2 1 0 0 1 2 7 0 5 190 7 6 5 1 0 0 1 1 2
2 1 0 0 0 0 1 0 1 13 9 327 1 0 0 0 1 1 0 0 1 0 0 0 2 2 2 0 0 0 1 1 2 2 2 4 5 6 2 1 1 0 0 0 1 2 3 4 10 12 1154 2 0 1 1 5 0 0 2 1 0 0 1 2 6 8 0 2 0 1 2200 7 6 5 4 3 2 1 0 0 0 1 2 3 8 1 205 2 1 0 0 0 1 2 2 3
3 1 0 0 2 0 0 2 0 0 15 335 4 3 2 1 0 0 0 0 0 1 0 1 3 6 1 1 0 0 0 1 1 1 3 4 3 1 1 0 0 0 0 0 1 2 3 4 0 0 1156 4 2 2 6 0 1 3 4 1 0 0 1 0 0 0 9 1 5 6 2212 3 2 1 0 0 0 0 0 1 1 2 0 3 4 9 211 1 0 0 1 1 2 3 3 4
0 0 0 1 3 0 1 1 3 1 352 1 0 1 0 0 0 0 0 1 1 2 0 3 11 2 2 2 0 0 0 0 0 2 3 1 0 0 0 0 0 0 1 1 0 0 0 1 2 147 150 1334 11 7 1 2 4 5 0 0 2 0 0 2 1 1 3 14 15 0 2216 2 1 0 1 1 1 0 1 2 2 3 1 0 4 20 215 0 1 0 2 2 3 4 4 5
0 0 0 1 2 4 1 2 6 2 355 3 2 0 1 0 2 0 1 2 2 3 1 4 15 3 3 4 3 1 0 0 1 2 0 0 1 2 3 0 1 1 1 2 2 1 135 140 143 1 3 4 1335 2 3 5 6 1 1 0 3 1 0 1 3 2 3 4 5 2240 1 0 0 2 2 2 1 0 2 3 3 0 4 3 0 0 237 2 0 1 3 3 4 5 5 6
0 0 1 1 2 3 5 5 7 570 210 203 192 2 0 1 3 1 2 3 3 4 2 5 31 10 5 0 0 1 0 0 1 0 1 0 1 2 3 8 1 4 7 109 118 131 3 1 0 2 3 0 1 1352 6 7 2 2 1 4 0 2 1 0 2 4 0 1 2 2246 2 1 3 3 3 0 3 0 3 4 4 1 5 0 4 1 239 3 1 2 0 8 5 6 6 2379
0 1 1 2 2 3 4 609 579 5 1 3 5 187 175 167 154 143 142 129 118 113 106 98 33 4 3 1 4 1 0 0 1 4 5 8 9 23 25 29 45 46 98 4 4 3 2 0 1 2 5 9 10 1366 8 3 3 2 5 1 3 0 2 0 1 3 5 0 0 2247 3 4 4 0 5 4 0 1 4 5 5 2 6 1 5 0 242 4 2 3 1 2423 2413 2405 2393 1
0 1 2 2 3 7 610 3 1 4 0 2 4 4 4 4 7 7 1 2 9 0 3 3 21 27 6 5 2 1 0 0 1 0 3 7 12 0 2 5 9 45 4 3 3 2 1 0 1 4 2 0 1 26 1407 4 3 6 2 4 0 1 3 1 0 2 4 6 1 2251 3108 3103 13 6 5 0 1 2 5 6 6 3 7 2 6 1 243 2510 2499 2493 2480 14 0 3 3 0
1 1 2 3 7 619 4 3 2 0 3 1 3 3 3 3 6 6 0 1 7 0 2 2 6 13 19 14 6 5 1 0 0 1 2 3 0 1 4 8 2 31 3 2 2 1 0 0 3 1 16 19 25 0 1 1419 7 3 5 0 1 2 4 2 0 1 3 12 0 5373 8 4 3083 3077 8 1 2 3 6 7 7 4 8 3 2779 2771 2514 4 1 7 35 2 13 1 0 2
1 4 7 3 12 627 1 0 2 1 2 0 2 2 2 2 2 2 5 0 2 3 1 1 5 3 8 3 3 0 2 0 0 1 2 1 2 3 7 1 24 5 2 1 1 0 1 2 0 15 1 4 2 4 5 6 1432 6 1 0 2 3 5 3 1 0 2 5399 5381 1 2 3 4 7 3059 3052 3043 3035 3027 3017 2947 2900 2841 2809 6 9 2 3 0 6 1 32 1 12 0 1
1 0 0 8 662 7 2 1 0 1 0 1 1 1 1 1 1 1 1 2 1 2 0 0 4 2 4 2 2 1 0 0 0 1 0 0 5 6 0 16 6 4 1 0 0 0 0 13 14 0 3 1 0 11 12 15 1456 9 1 0 3 4 6 4 2 0 5438 9 6 0 1 2 3 6 5 7 3 2 1 60 37 52 21 14 2 5 8 1 2 5 0 28 2 0 11 0
1 2 1 3 664 0 3 2 1 0 0 0 0 0 0 0 0 0 0 0 0 0 1 1 1 1 1 1 1 1 0 0 0 1 2 3 3 7 15 2 2 3 0 0 1 0 11 0 1 2 0 9 10 0 1 0 1 1469 2 1 4 5 5500 5489 5450 5440 22 4 3 5 0 1 2 5 4 6 2 1 0 59 36 51 20 4 8 1 4 7 0 1 4 13 13 1 0 9
0 2 3 675 5 4 3 2 1 0 1 0 0 0 0 0 0 0 0 0 0 0 0 0 0 0 0 0 0 0 0 1 0 0 1 2 2 4 1 1 1 2 0 3 5 9 4 5 6 7 8 6 7 8 9 10 0 0 1473 5521 5518 5502 2 29 8 0 2 18 3 2 4 0 1 4 3 5 1 0 2 55 35 50 18 0 3 7 0 3 6 0 3 12 5 6 0 8
1 0 683 0 1 0 5 4 3 2 0 0 2 0 1 1 1 1 1 2 1 1 0 0 0 1 0 0 0 0 1 2 1 0 0 1 2 0 0 0 0 1 1 0 0 3 1 2 3 4 5 0 1 2 3 4 17 33 7031 0 3 0 1 2 25 7 1 12 4 2 1 3 0 3 2 4 0 1 7 46 34 2 46 17 1 2 6 1 0 5 2 5 5 4 5 7
5 862 860 160 9 8 1 0 0 1 1 0 3 1 2 2 2 2 2 3 4 1 1 1 2 0 0 1 1 1 2 3 2 1 0 0 0 0 0 0 0 0 0 1 2 0 2 3 4 5 6 7 8 9 10 11 12 0 7034 1 0 2 0 1 2 21 6 0 11 3 1 0 2 2 1 3 0 6 2 42 33 1 15 29 14 0 1 5 0 4 1 4 4 3 4 4
873 2 7 5 147 1 0 1 2 2 0 1 4 2 3 3 3 0 6 9 0 11 6 3 1 1 0 4 0 0 2 7 3 3 0 0 0 0 1 2 0 0 0 0 0 1 0 1 2 3 4 5 6 7 8 9 20 7062 3 2 1 0 1 0 1 14 5 5 8 1 2 0 1 1 0 2 5 1 4 36 32 0 1 12 28 13 0 0 4 3 0 3 3 2 3 1
0 1 2 3 4 144 135 128 3 1 2 0 5 3 4 4 53 47 38 37 22 7 6 5 2 0 6 0 0 1 1 11 4 5 1 0 0 1 1 2 4 1 1 1 0 0 0 1 2 3 4 5 6 7 8 9 0 0 7077 11 9 1 0 0 0 6 6 4 4 7 0 1 0 0 1 4 0 3 3 31 29 1 0 11 9 17 11 8 3 3 2 2 2 1 1 0
4 0 1 2 3 3 3 3 120 111 107 100 92 85 79 61 4 1 0 1 0 1 0 2 1 0 7 1 1 0 2 14 11 2 1 0 0 1 2 2 3 7 2 2 1 1 0 0 1 2 0 0 0 1 2 3 4 7083 1 0 0 6 5 4 3 0 4 5 3 3 6 2 0 0 1 1 2 2 16 13 26 1 0 10 8 10 5 1 3 2 2 1 1 1 0 0
4 3 0 1 2 2 2 2 2 2 2 2 5 0 4 1 1 1 0 0 0 0 3 0 0 1 8 2 0 2 1 18 15 2 1 0 0 1 4 3 3 4 11 3 2 2 0 1 2 0 3 1 1 0 1 2 3 7091 6 5 4 3 2 1 0 2 2 0 4 2 2 2 1 0 0 1 1 7 7 12 7 17 0 9 7 6 2 4 0 2 1 1 0 0 0 0
0 2 2 0 1 1 1 1 1 1 1 1 1 2 1 1 0 0 0 0 0 6 0 1 1 11 0 0 3 1 5 35 3 2 1 1 0 0 1 7 12 4 17 4 3 3 1 0 0 4 1 6 2 2 0 0 1 7096 7 6 5 4 3 2 1 0 1 1 1 1 1 1 1 0 0 0 3 2 6 11 6 9 6 8 6 1 3 1 3 1 1 0 0 0 0 0
1 1 0 0 0 0 0 0 0 0 0 0 0 0 0 0 0 0 0 0 1 8 1 18 13 0 0 1 1 4 7 46 3 5 2 0 0 2 3 4 5 19 43 0 9 4 2 0 1 0 5 0 7 11 3 1 0 7123 14 13 12 11 9 7 2 1 0 0 0 0 0 0 0 0 0 2 1 2 2 10 5 8 5 7 2 2 0 2 0 0 0 0 0 0 1 1
0 0 0 0 0 0 0 0 0 0 0 0 0 0 0 0 0 0 1 1 1 11 21 0 0 0 0 1 4 2 0 59 6 3 2 0 0 0 2 3 4 5 6 44 11 5 3 0 1 2 1 6 8 0 12 4 2 7128 3 2 1 0 0 0 3 2 1 0 0 0 0 1 0 0 0 0 1 1 2 6 4 7 4 2 3 1 1 0 0 0 0 0 0 1 1 4
0 0 0 1 1 1 1 1 1 1 2 1 1 0 1 2 0 0 1 2 2 14 23 1 1 0 0 2 3 5 3 81 8 3 2 1 0 0 0 1 2 3 4 12 58 18 4 0 1 2 3 2 0 9 1 20 7158 25 8 7 6 5 4 3 2 1 0 1 1 1 2 0 1 0 0 0 0 1 2 2 3 6 3 1 1 0 0 0 0 0 2 1 1 2 2 5
1 0 1 2 2 2 2 2 2 5 2 2 1 2 3 1 0 0 1 2 3 18 26 2 1 0 0 0 0 5 12 82 5 4 3 2 0 0 2 4 5 6 7 8 9 78 24 0 3 3 0 4 3 1 12 7181 0 0 15 14 8 7 6 5 4 3 2 0 2 5 1 2 1 1 0 0 0 0 1 1 2 5 1 0 0 0 0 0 0 1 1 5 2 3 3 6
0 1 2 3 3 3 3 3 3 9 3 2 3 4 4 1 0 0 1 2 3 50 3 2 1 0 1 0 1 0 0 102 1 0 2 1 0 0 0 1 4 5 6 7 8 12 92 118 1 8 1 0 5 10 27 7215 4 2 1 0 4 3 2 1 0 0 1 3 0 6 5 2 2 1 1 3 1 0 0 0 1 2 1 0 0 0 0 1 1 1 2 8 3 4 4 7
0 2 3 4 4 4 4 4 14 4 25 21 16 10 3 1 0 0 1 2 3 55 7 2 1 0 0 2 1 2 2 114 8 7 3 2 1 0 0 1 1 2 3 4 11 0 1 2 122 134 137 0 1 2 0 7217 2 1 0 6 5 4 3 2 1 2 4 1 7 6 0 6 2 2 4 0 1 0 2 1 0 1 0 0 0 1 1 1 2 2 2 12 4 5 0 13
1 3 4 5 0 10 5 63 42 36 7 4 2 0 0 0 0 1 1 2 7 64 3 2 0 1 1 3 0 2 121 7 6 5 1 0 0 0 0 0 1 3 4 5 0 6 7 8 9 10 16 155 157 158 0 7237 14 13 12 4 3 2 1 0 0 8 2 8 7 1 7 3 3 7 1 2 0 3 0 0 0 0 0 0 1 1 2 2 5 0 6 0 18 6 1 21
2 4 5 6 1 11 79 8 5 2 1 1 0 0 0 0 0 1 2 2 11 65 7 0 1 2 2 4 1 3 133 2 1 0 2 1 1 0 0 0 0 1 2 3 4 0 1 2 3 4 0 11 12 13 173 7238 1 0 2 1 0 0 0 0 1 12 9 8 2 18 9 4 8 11 10 6 4 3 1 0 0 0 0 1 1 4 2 3 3 7 0 7 1 26 24 152
5 0 6 109 99 86 4 2 1 1 1 0 0 0 0 1 1 1 2 3 19 66 8 1 2 3 3 5 151 144 9 6 2 1 0 0 2 1 1 0 0 0 1 2 3 4 5 6 7 8 9 0 1 2 3 7425 5 4 0 0 1 1 1 2 0 23 9 3 20 0 0 9 12 0 6 5 4 0 1 0 1 0 1 1 2 0 5 9 8 0 8 1 8 54 161 7
1 0 117 7 5 0 0 0 1 0 0 0 0 0 1 1 4 0 2 3 0 87 9 2 3 202 184 179 10 6 2 1 2 0 0 0 4 2 2 1 0 0 1 2 3 0 1 2 3 4 5 0 0 0 7733 7731 1 0 0 1 2 2 2 4 24 10 4 22 0 1 10 13 1 7 0 0 1 2 1 2 0 0 1 2 2 3 1 0 10 9 1 11 2 229 2 1
1 118 8 0 0 3 2 1 0 0 0 0 0 1 3 0 2 6 3 0 4 1 330 220 206 0 12 0 8 2 2 1 0 0 0 1 6 3 3 3 0 0 0 1 2 7 8 9 0 1 0 6 9 7744 0 0 300 291 285 284 269 264 263 253 214 200 180 0 2 11 14 2 10 1 8 6 3 2 3 1 0 0 1 2 3 3 4 2 12 0 10 0 246 4 3 2
132 12 2 0 0 3 2 1 0 0 0 2 1 2 4 1 3 0 7 5 5 338 5 4 3 1 5 5 0 6 1 1 0 0 1 1 2 11 4 4 1 0 1 2 3 4 5 6 17 18 21 23 24 7745 0 0 4 2 3 3 4 0 5 0 6 1 13 155 12 15 3 11 0 10 0 0 8 4 2 1 0 1 0 2 3 4 4 5 16 1 0 11 277 6 2 1
2 1 0 1 4 0 1 0 0 0 2 3 2 3 5 0 2 4 1 368 347 5 6 4 3 2 0 4 4 3 1 0 0 0 1 2 2 15 5 5 2 1 0 0 1 6 7 8 9 10 11 12 13 7785 2 15 11 3 1 2 2 3 2 1 4 0 0 12 138 125 18 1 11 0 1 9 0 9 5 2 0 0 2 1 7 0 5 5 6 19 1 278 0 4 2 1
1 0 2 5 4 2 0 0 1 1 3 4 3 0 4 6 4 5 385 8 3 1 4 5 3 2 1 3 0 2 2 0 0 1 2 5 9 13 22 6 3 2 1 2 3 0 1 2 3 4 5 6 0 7787 20 0 2 10 2 0 1 1 2 1 0 3 5 5 5 5 89 76 47 45 26 15 13 2 1 0 0 0 5 8 0 8 1 6 6 339 291 4 3 0 2 0
17 16 12 5 0 0 1 1 2 2 4 5 0 4 1 5 18 392 3 4 3 2 0 3 4 2 1 0 2 1 0 0 0 0 1 2 3 4 19 34 0 3 0 0 0 1 2 3 4 5 6 0 8 7821 2 1 0 1 9 1 0 0 0 1 0 2 4 4 4 4 11 1 13 6 15 11 7 2 1 0 0 1 0 0 9 1 9 2 350 3 6 6 4 2 1 0
0 0 0 1 1 0 2 2 3 3 0 11 1 0 7 429 403 7 1 2 3 2 1 2 1 1 1 0 0 0 0 0 1 3 4 5 0 0 1 55 5 0 1 0 1 0 1 2 3 4 5 13 0 7822 0 2 1 0 0 8 7 6 5 2 0 1 3 3 3 3 10 0 2 2 5 2 2 3 1 0 0 1 3 0 1 12 0 361 2 1 2 5 0 3 1 0
2165 1 2 4 1 0 3 0 7 4 0 13 2 1 461 20 1 1 6 0 1 2 1 0 1 0 0 0 0 0 0 0 1 2 3 4 11 13 14 17 62 1 2 1 0 2 3 4 5 6 7 8 24 7828 3 3 2 1 0 3 2 1 0 1 1 0 2 2 2 2 7 1 1 1 3 0 1 1 0 0 0 2 2 5 0 2 14 369 3 2 0 1 4 0 0 0
2190 9 5 0 1 0 4 1 8 5 1 17 477 471 6 1 17 0 0 5 0 0 1 0 0 0 0 0 1 1 1 0 0 1 2 3 4 5 6 7 89 5 0 2 1 0 1 2 3 4 5 6 7 7868 5 0 0 0 9 4 3 2 1 0 0 0 1 1 1 1 5 0 0 0 0 2 0 0 0 0 1 0 3 13 0 1 391 2 1 0 1 0 0 2 0 0
2198 0 1 2 0 1 5 2 9 6 508 487 4 2 1 5 0 16 10 0 3 2 0 0 0 0 1 2 2 2 2 1 0 0 1 2 3 4 5 6 7 97 3 2 0 0 0 1 2 3 4 5 6 7876 4 3 1 10 0 6 5 4 3 2 1 0 0 0 0 0 0 3 2 1 0 0 0 0 1 3 5 8 1 0 14 3 395 2 1 0 3 2 1 0 0 0
2212 2 3 0 1 2 6 3 540 522 8 3 3 3 1 0 4 3 0 8 3 1 0 0 0 1 1 5 3 3 3 2 1 0 0 1 0 0 1 2 3 12 102 4 0 1 0 0 0 0 1 2 3 7881 28 22 21 9 7 2 1 0 0 0 0 0 0 0 0 0 3 2 1 0 1 0 0 0 1 2 0 1 9 2 1 415 0 0 9 8 3 2 1 0 0 0
9 2226 4 1 2 574 570 552 7 2 3 3 2 2 2 0 1 1 2 1 1 0 0 0 2 4 2 8 4 4 4 3 2 1 0 0 3 5 6 7 8 9 23 108 1 2 1 1 0 1 0 1 2 7885 44 14 13 12 11 7 6 5 3 1 0 1 1 1 1 5 0 1 0 5 2 1 0 0 0 0 3 0 3 10 3 419 17 15 4 3 2 1 0 0 0 1
0 1 2234 5 581 5 3 5 2 3 1 2 2 1 1 1 0 0 0 0 0 0 0 0 1 2 8 12 27 5 5 4 3 2 1 0 0 1 2 3 4 5 6 31 111 3 2 2 1 2 0 0 1 7933 18 17 16 15 14 13 7 6 5 4 2 0 2 2 2 7 2 0 6 0 0 0 0 1 1 1 1 4 0 4 11 442 5 4 3 2 1 0 0 0 1 1
2 3 2245 584 1 0 0 2 4 1 2 0 1 1 0 0 0 0 0 0 0 1 0 0 1 2 3 4 5 40 11 0 4 3 2 1 0 0 1 3 6 7 12 13 46 159 7 3 0 2 3 5 6 7934 31 11 10 8 1 0 4 3 2 1 0 1 0 6 3 8 4 7 3 1 0 1 1 2 0 2 4 0 5 1 17 449 1 0 0 3 2 1 0 1 0 2
1 2 2836 1 0 2 1 0 1 3 0 1 0 0 0 0 0 1 1 2 2 1 0 0 1 2 3 4 5 6 54 5 4 0 3 0 5 0 0 1 1 3 3 9 12 17 184 197 1 0 3 4 5 7983 2 1 0 0 5 4 3 2 1 0 0 0 3 7 4 43 28 15 5 4 2 0 2 0 3 1 5 5 1 6 470 2 8 7 5 0 0 1 0 2 0 1
0 1 2844 4 3 3 2 1 0 0 2 1 0 0 0 1 1 2 5 3 2 2 0 0 0 1 2 3 4 5 68 11 1 4 1 6 0 0 0 0 0 2 4 1 3 2 2 5 205 208 1 0 0 7984 0 9 8 7 6 5 4 3 2 1 0 0 1 12 52 2 1 3 4 3 1 0 0 4 0 4 0 6 6 2 481 21 11 10 9 8 6 3 0 0 4 6
354 357 3206 8 7 2 1 0 0 0 0 0 0 1 1 2 2 3 10 3 3 2 1 0 0 1 2 3 4 5 6 88 7 2 7 1 0 1 0 0 1 3 0 2 1 1 4 0 4 6 216 223 226 8246 18 7 6 5 4 3 2 1 0 0 0 1 1 68 0 1 0 0 2 0 0 0 1 3 5 1 5 1 7 10 511 6 5 4 3 2 1 0 0 0 2 3
1 2 0 3217 0 5 4 3 1 1 1 0 1 2 2 3 3 15 17 12 7 3 2 0 0 1 2 3 4 5 6 7 100 8 2 1 2 0 0 1 2 0 1 0 0 3 0 3 0 0 3 7 13 8248 0 3 2 1 0 0 0 0 1 0 1 2 2 70 4 1 0 1 0 0 0 1 3 4 4 6 2 6 17 553 11 10 9 8 7 6 1 0 0 0 1 2
1 0 1 3220 9 1 0 0 2 2 1 0 2 3 3 4 45 24 5 4 3 2 1 0 0 1 2 3 4 5 6 7 117 12 2 3 1 0 0 0 0 0 0 1 2 0 1 0 0 1 5 0 1 2 8260 6 5 4 3 1 1 2 0 1 2 3 74 5 7 6 5 2 1 0 0 1 0 0 5 5 7 3 0 560 5 4 3 2 1 0 3 2 0 0 0 1
0 1 2 98 3336 2 1 3 3 2 1 0 3 4 4 52 0 0 1 0 0 0 0 0 0 1 2 3 4 5 6 7 8 134 4 2 1 1 0 0 2 4 1 0 0 0 1 0 2 3 0 0 0 1 8266 1 0 0 0 2 0 3 1 2 3 79 21 14 5 4 3 2 1 0 0 0 2 1 1 6 13 22 589 6 5 4 3 2 1 0 2 1 0 0 1 2
2 89 94 2 3337 0 4 4 3 2 1 0 4 10 53 0 1 9 6 5 3 1 0 1 0 0 1 2 3 4 5 6 7 149 3 2 2 1 0 0 0 1 5 2 1 1 0 2 0 0 0 0 1 2 8540 263 259 255 3 0 1 4 2 3 123 38 15 14 13 4 3 2 1 0 0 1 1 3 2 2 0 1 618 18 17 16 15 14 13 7 3 2 0 0 0 1
85 3 1 6 15 3367 5 4 3 0 2 1 5 65 1 2 10 4 3 2 1 0 1 2 1 0 0 1 2 3 4 5 6 165 7 3 2 1 1 0 0 0 2 6 3 2 2 1 5 1 0 0 0 8559 8 0 2 1 249 242 233 207 168 155 26 14 13 8 2 7 2 1 0 0 0 1 2 2 4 3 3 0 625 5 4 3 2 1 0 4 3 1 0 0 1 0
2 0 5 7 5 3383 0 9 1 0 3 2 72 27 24 20 8 2 1 0 0 0 2 3 2 1 0 1 3 4 5 6 7 8 178 3 2 2 1 0 0 1 1 5 13 4 3 9 6 2 1 1 8562 16 3 2 1 0 5 6 22 18 10 7 3 10 2 3 4 1 3 1 0 0 1 3 6 10 14 5 4 636 10 9 8 7 6 5 4 3 0 0 0 0 1 2
1 4 6 4 4 8 3385 3405 2 0 4 76 36 7 6 5 4 3 2 1 0 1 7 0 0 5 0 0 0 1 2 3 4 5 194 7 3 2 1 1 0 0 2 3 4 19 25 36 7 0 8576 8568 1 1 13 2 1 0 4 5 21 3 13 9 6 2 6 1 2 3 0 0 0 0 1 0 0 0 0 15 6 658 9 8 7 6 5 4 3 1 1 0 0 0 1 2
3 5 3 3 1 0 0 3 3406 5 0 121 6 5 4 3 2 1 0 0 1 2 8 1 7 1 0 0 1 3 4 5 6 7 8 216 3 2 2 1 0 0 1 0 1 2 0 0 37 8599 12 3 4 0 0 12 1 0 3 4 20 2 12 8 2 2 1 5 0 1 2 0 1 0 1 2 1 1 3 21 666 13 12 5 4 3 2 1 0 0 0 0 0 1 1 2
4 2 2 0 0 1 2 0 8 3560 137 13 12 5 4 3 2 1 0 1 2 3 9 2 10 1 0 0 0 0 1 2 3 4 5 6 224 3 2 0 1 1 2 0 0 0 3 5 8653 7 2 7 2 3 0 2 8 0 2 3 19 1 3 7 7 1 1 0 4 0 0 1 0 2 1 2 6 9 10 11 719 1 0 5 4 3 2 1 0 0 0 0 1 1 2 2
1 1 1 2 3 4 5 6 0 3568 5 1 0 5 4 3 2 1 0 0 2 3 14 3 17 3 1 0 0 1 2 3 4 5 6 7 15 232 1 0 2 0 5 1 0 1 3 0 8656 1 3 1 6 1 1 1 0 6 1 2 4 13 0 2 6 6 0 0 2 0 0 1 4 1 5 8 9 10 0 1 730 9 8 7 6 5 4 3 2 0 0 1 1 2 2 3
0 0 0 1 2 3 4 5 0 3570 0 1 0 4 3 2 1 0 0 0 1 3 19 22 0 0 1 0 0 1 2 3 4 5 6 7 8 258 3 0 3 0 7 2 1 0 0 8664 1 0 0 2 0 5 0 0 0 5 0 1 3 6 5 1 0 4 5 0 0 0 0 0 1 5 0 0 1 2 14 0 740 8 7 6 5 4 3 2 1 0 0 1 2 2 3 3
3 0 0 1 2 3 4 5 6 3571 0 6 5 4 3 2 1 0 0 2 2 4 43 1 4 2 2 0 0 2 3 4 5 6 7 8 9 10 274 1 4 1 8 3 0 3 1 8689 23 21 1 0 1 0 4 3 2 1 2 0 2 2 2 4 0 3 2 0 0 0 1 0 0 3 6 8 0 0 1 757 8 7 6 5 4 3 2 1 0 0 0 1 2 6 10 4
0 4 1 0 1 2 3 4 11 3580 7 0 5 3 2 1 0 0 0 4 3 5 46 5 6 5 1 0 0 1 2 3 4 5 6 7 8 9 27 306 5 2 9 4 1 4 8694 1 0 0 18 16 14 9 8 3 1 1 0 1 1 1 1 1 1 2 0 0 0 2 3 2 1 2 7 8 9 1 2 781 8 7 6 5 4 3 2 1 0 0 2 4 2 3 0 11
5 1 7 10 11 12 13 14 56 3601 1 6 6 1 0 0 0 0 2 0 9 6 53 8 0 2 1 0 0 0 1 2 3 4 5 6 15 16 0 0 308 318 10 5 2 8722 21 3 2 1 0 0 0 3 1 3 0 0 0 0 0 0 0 0 0 0 0 0 0 1 0 4 8 9 10 11 21 32 0 782 9 8 7 6 5 4 3 2 0 0 1 0 6 0 5 7
4 11 12 13 26 31 32 40 9 3669 21 11 3 2 1 0 1 1 0 3 11 79 17 7 6 2 1 0 0 1 2 3 4 5 6 7 0 1 2 0 1 321 11 8745 8733 1 0 16 15 14 13 12 1 0 0 0 2 1 0 0 0 0 0 0 0 0 0 1 3 4 2 4 5 6 0 0 1 2 36 794 8 7 6 5 4 3 2 0 0 0 0 2 3 11 13 14
3 5 8 11 3 4 6 8 0 12 3725 1 0 0 0 3 0 0 2 5 98 5 4 3 2 1 0 0 0 0 1 2 3 4 5 6 0 1 2 6 7 347 8746 1 0 7 6 5 4 3 2 1 9 5 4 2 0 0 3 1 0 1 1 1 1 1 0 0 0 0 5 6 7 8 16 18 0 1 2 855 6 5 4 3 2 1 0 0 0 0 1 3 4 0 0 1
0 1 1 2 3 0 7 4 10 5 11 3726 1 0 1 4 1 1 3 107 1 0 5 4 3 2 1 1 0 0 0 0 0 1 2 3 7 0 1 2 3 0 9095 8 7 6 5 4 3 2 1 0 0 2 1 0 0 5 0 0 1 2 2 2 2 2 1 0 1 1 1 0 1 2 3 4 24 0 856 0 2 1 0 3 2 1 0 0 0 1 1 0 0 6 0 1
0 0 1 2 2 6 3 4 4 9 0 5 3749 0 2 0 7 2 147 27 14 13 6 5 4 3 2 0 0 1 1 1 1 0 1 0 4 8 0 1 2 44 9105 0 11 10 9 8 7 6 5 4 3 2 0 0 6 1 1 0 2 3 3 6 0 3 0 3 2 0 3 6 7 8 9 10 11 37 896 11 10 9 8 3 2 1 0 1 1 0 2 2 4 5 7 0
0 0 1 1 2 2 3 3 7 0 4 9 1 3756 3761 1 11 151 1 6 11 10 9 8 7 6 3 0 0 2 5 2 5 2 3 2 4 5 15 37 40 0 9152 22 9 8 7 6 5 4 3 2 1 0 0 0 9 2 0 0 4 4 4 8 0 4 0 5 0 3 0 1 2 3 4 10 11 12 929 6 5 4 3 2 1 0 0 2 0 2 1 5 0 0 7 16
0 0 0 1 1 2 2 2 3 3 8 0 5 0 10 3773 3941 0 0 0 5 4 3 2 1 0 1 0 0 1 2 9 10 6 7 12 13 19 20 0 0 0 9180 1 0 0 7 6 5 4 3 2 1 0 0 11 3 0 1 1 10 5 0 9 1 5 1 6 1 4 0 1 2 3 4 0 1 0 930 0 0 4 3 2 1 0 0 1 4 3 0 0 6 1 0 0
