assets/unittest/rioSinos_fac.asc
ncols 1546
nrows 931
xllcorner -51,428722
yllcorner -30,018405
cellsize 90
NODATA_value -9999
[rows 592 to 665 of 931, columns 864 to 959 of 1546]
5 0 3 239 237 7 3 2 1 0 0 0 1 1 1 2 3 4 14 87 76 0 0 2 1 0 0 2 0 0 1 14 21 1 2 1 189 27 0 0 5 1 2 2 0 2 1688 46 43 1 0 3 2 1 0 0 7 0 3 0 1 1 1 0 2 995 1058 0 0 0 1 12 0 0 2 3 16 0 0 8 0 0 73957 0 73805 0 0 19 5 0 2 0 0 4 1 0
0 4 2 0 216 11 4 3 2 1 0 0 0 0 0 1 2 8 34 1 34 75 2 1 0 0 0 0 1 2 3 4 5 30 34 155 1 1 23 0 2 0 1 1 0 0 1687 0 0 22 11 9 1 0 0 0 1 0 1 0 0 0 0 1 988 0 0 60 8 0 1 8 0 0 0 4 7 10 0 7 0 1 2 111 0 73803 73800 0 1 0 5 0 0 0 8 19
29 3 0 0 215 2 2 1 0 0 0 0 0 1 2 3 4 20 12 0 33 2 68 3 2 0 0 0 0 0 0 1 2 105 117 1 0 0 6 15 1 0 0 0 0 1 2 1683 0 8 0 0 6 5 3 1 0 0 0 1 3 0 0 0 984 0 31 1 16 7 0 5 1 0 1 0 1 1 0 0 0 0 0 106 0 1 0 73778 7 6 0 0 2 1 0 22
0 0 1 3 209 0 1 0 1 1 1 0 0 1 2 3 17 1 11 0 31 1 58 4 0 0 0 1 1 1 1 0 98 2 10 1 0 0 4 3 10 1 0 0 1 2 1682 1 0 0 5 4 3 2 1 0 0 0 0 0 0 5 8 0 980 0 30 0 15 0 5 0 4 0 0 0 0 0 1 2 3 0 0 105 0 0 0 73767 1 0 0 1 3 12 0 0
19 0 0 2 0 207 16 8 5 2 3 1 0 0 1 2 9 0 10 2 27 0 0 56 2 0 0 1 2 2 28 97 0 0 3 3 0 1 1 2 5 1 0 0 1 2 1678 1668 14 12 9 6 5 1 0 0 0 0 1 1 0 1 2 978 0 1 19 7 14 0 2 0 1 0 0 0 0 0 1 5 57 65 104 0 0 7 73766 0 0 0 0 0 0 13 0 27
17 10 0 0 10 1 176 6 5 4 2 1 0 0 1 5 2 7 1 1 25 0 0 1 54 0 0 4 17 22 9 0 53 1 1 0 2 0 0 1 2 1 0 0 1 2 0 1620 31 0 1 1 0 2 1 0 0 2 4 9 0 0 1 30 932 0 18 6 0 11 0 1 0 0 0 1 1 1 2 50 2 0 32 0 2 0 1 73756 0 2 0 0 0 0 48 0
3 1 9 2 6 0 1 173 7 6 2 1 0 0 2 1 3 2 0 0 23 0 0 3 12 33 0 11 0 1 6 44 4 0 0 0 0 0 0 0 0 0 0 0 0 1 1609 1619 0 30 0 0 3 2 1 0 0 1 2 3 10 27 28 0 931 12 1 2 5 1 9 3 0 0 2 4 2 5 49 0 0 1 0 28 1 0 0 73748 0 0 73642 0 0 73615 2 0
2 0 8 1 5 0 7 151 4 3 2 1 0 0 0 1 0 1 1 5 15 0 2 11 0 31 1 7 0 4 0 43 3 1 0 0 0 0 0 0 0 0 2 1 0 1583 22 3 3 0 27 25 2 1 0 0 0 1 0 0 12 1 239 930 0 10 0 1 2 0 2 1 1 0 0 1 10 40 0 0 0 16 21 27 0 0 1 73 73747 73643 0 73633 73630 13 73563 0
1 5 1 0 4 1 4 15 134 1 0 0 0 0 0 0 0 0 2 11 2 1 10 4 6 23 0 6 3 0 2 22 16 0 4 2 0 0 1 1 2 4 1568 1575 1582 2 21 2 1 0 0 14 2 1 0 0 1 0 3 5 0 0 238 685 3 7 1 0 0 1 1 0 0 0 1 2 0 28 1 2 15 0 2 3 0 0 70 0 26 0 0 0 0 10 0 73562
0 4 0 3 0 3 8 5 84 46 37 3 1 1 0 0 0 1 1 8 1 0 9 3 0 22 5 1 0 0 2 18 0 15 2 1 0 0 2 5 8 1558 0 3 1 1 20 0 0 0 2 13 3 0 0 1 3 2 0 1 205 237 0 684 1 0 6 1 0 0 0 0 0 1 2 3 4 21 0 0 11 1 2 0 2 67 0 13 25 0 0 0 7 0 0 396
1 1 0 1 2 3 3 4 83 6 0 31 27 5 3 1 0 0 5 1 0 8 2 7 14 6 4 0 0 1 15 1 0 3 0 0 0 0 0 1 2 1545 1 2 0 0 10 8 0 1 1 3 0 0 0 1 2 7 11 201 0 236 0 1 679 0 0 2 1 0 0 0 0 1 2 10 19 0 4 7 1 0 1 0 63 0 12 0 0 7 0 1 2 0 0 39
0 0 0 1 2 2 3 7 0 73 5 1 0 18 5 2 0 1 2 0 7 1 6 0 4 5 2 0 0 10 3 0 1 0 1 3 1 1 0 0 1537 4 1 0 1 2 2 3 6 0 0 1 0 0 0 0 1 2 188 0 5 23 0 0 1 676 1 0 5 3 1 0 0 1 6 2 4 2 0 1 0 0 18 62 0 0 1 7 0 1 1 0 0 0 32 4
0 0 0 1 1 2 2 3 5 30 35 4 0 7 3 1 0 0 1 6 0 3 1 3 2 1 1 1 2 5 0 1 0 0 0 1 8 2 0 1536 7 1 0 0 0 1 1 2 3 1 0 2 5 2 0 0 1 156 27 0 2 14 6 0 3 2 666 12 5 4 3 1 0 1 1 1 3 1 0 0 1 17 3 36 0 0 1 4 1 0 0 0 28 31 0 0
1 0 0 0 1 1 2 4 15 13 28 5 3 4 1 2 0 0 1 3 2 0 2 1 0 0 0 0 2 0 0 0 0 0 0 1 3 327 1523 0 0 5 2 1 0 0 0 1 2 0 1 1 0 7 3 1 2 150 25 0 1 13 0 4 2 1 0 664 1 0 2 1 0 0 0 0 2 0 2 6 14 2 0 33 0 0 0 0 0 0 0 20 5 0 0 0
3 1 0 0 0 1 3 1 12 12 7 19 4 2 3 0 1 0 0 1 1 1 0 0 1 2 3 0 0 0 0 0 0 1 1 0 0 310 1194 47 1 0 1 0 2 1 0 0 1 0 0 0 1 2 11 137 146 2 3 20 0 5 6 3 1 0 1 639 8 4 0 0 0 0 0 0 0 1 2 2 3 1 3 11 16 0 0 0 1 17 18 0 3 298 299 302
13 9 6 0 0 2 0 2 8 11 6 5 12 3 1 2 0 0 0 0 0 0 0 0 1 2 3 4 0 2 1 0 1 8 306 307 308 1142 2 13 30 13 12 11 4 3 2 0 0 0 1 2 3 4 120 1 5 1 2 9 9 4 5 2 0 0 2 1 631 2 1 7 5 3 1 0 0 1 1 2 0 2 10 0 14 0 1 7 11 1 1 2 240 0 55 1
5 2 1 4 0 0 1 1 5 10 5 4 6 4 2 0 0 0 0 0 0 0 1 1 0 0 1 6 17 21 24 1 2 293 0 0 10 1130 1 11 0 15 13 11 2 1 0 0 0 0 0 0 1 2 111 0 4 0 1 8 8 3 4 0 0 1 0 3 4 625 14 5 4 3 2 1 0 0 1 0 1 9 4 7 12 0 3 1 0 0 0 239 1 54 2 0
2 1 1 0 3 0 0 2 1 9 4 3 5 3 0 0 0 0 1 1 1 1 1 2 2 1 2 3 0 1 276 284 292 4 0 6 1 1123 5 0 10 5 0 0 10 4 2 0 0 1 1 3 4 97 11 0 2 0 0 7 6 0 2 3 0 0 2 1 4 577 26 4 3 2 1 0 0 0 0 1 8 3 1 1 1 1 0 0 0 0 238 0 41 1 4 1
0 0 0 0 1 0 1 0 2 5 3 2 2 1 2 0 0 1 1 2 2 5 4 0 3 3 4 0 0 235 12 6 1 3 2 1 0 1121 0 4 2 3 4 2 2 1 0 0 0 2 5 6 7 91 10 4 0 1 2 3 2 2 1 1 0 0 0 0 1 576 20 5 4 3 2 1 0 0 2 5 2 0 0 0 0 0 0 0 2 52 183 39 0 0 3 0
0 0 0 1 0 0 0 1 2 1 2 1 1 0 1 0 1 1 2 2 3 0 11 0 1 4 0 7 233 6 4 5 0 2 1 0 2 0 1116 0 0 1 2 0 1 1 0 0 2 5 8 11 71 10 1 2 2 0 1 2 1 1 0 0 0 0 1 2 3 575 13 5 4 3 2 1 0 0 1 1 2 6 7 8 15 16 18 20 45 1 182 1 38 29 0 1
1 1 2 1 0 0 0 0 0 0 1 0 0 0 4 6 8 11 14 3 3 8 10 24 27 79 121 224 4 0 3 1 2 1 0 1 0 1 1109 2 1 0 0 1 0 0 0 0 1 1 1 0 57 5 3 0 1 1 0 1 0 0 0 0 0 2 0 1 2 570 6 5 4 3 2 1 0 0 0 1 2 2 4 5 0 1 2 23 0 143 37 0 3 1 28 10
2 3 2 2 1 0 0 0 0 0 0 0 0 3 0 1 2 3 4 20 46 47 48 49 50 35 0 100 2 0 2 0 1 0 0 0 1 2 1108 22 20 17 12 8 5 2 0 0 0 0 0 5 56 1 2 2 1 0 0 0 0 0 0 1 1 0 4 5 6 566 2 1 0 0 3 2 1 0 0 1 1 0 0 1 2 3 16 2 140 1 1 34 2 0 12 3
4 3 3 0 0 2 0 1 1 2 0 1 0 1 0 0 1 2 3 20 9 17 18 19 34 0 78 18 1 1 0 0 0 0 0 0 1 1079 1 0 0 1 3 2 1 1 0 0 1 2 3 15 28 4 0 1 0 0 0 0 0 1 1 3 0 2 0 313 323 1 229 2 1 4 3 2 1 0 0 0 0 1 2 3 4 11 0 0 139 0 0 32 0 1 0 10
120 117 3 1 3 0 1 2 5 1 4 1 0 0 0 3 6 11 15 8 6 1 4 13 5 54 21 13 3 0 0 0 1 2 4 6 7 1076 10 8 1 0 0 2 1 0 0 1 4 8 14 12 9 4 3 1 0 0 0 1 1 3 0 2 7 298 311 4 3 0 201 23 15 9 4 3 2 1 0 0 1 2 3 4 5 0 1 17 96 23 0 31 9 0 0 1
2 1 104 100 83 78 47 0 15 6 0 1 0 0 1 1 3 2 7 5 0 1 7 4 0 46 20 10 1 2 0 0 2 4 6 8 9 1046 0 0 5 4 3 0 1 0 0 1 2 4 11 5 2 1 1 0 0 0 1 1 4 4 1 0 285 5 5 3 2 0 6 192 6 5 4 3 2 1 0 0 1 2 3 4 5 6 14 72 22 2 18 0 19 7 3 0
1 0 2 8 2 2 27 42 40 15 4 1 0 0 0 2 1 6 1 2 0 6 1 1 44 0 19 7 1 0 0 0 0 0 0 0 1 1044 4 3 2 1 0 1 0 0 0 1 3 3 6 4 1 0 0 0 0 1 1 6 12 258 265 283 0 3 4 2 1 0 4 4 186 5 4 3 2 1 0 0 1 2 3 4 5 6 71 0 20 1 11 5 14 3 2 2
1 0 1 7 1 1 26 0 1 5 9 7 3 0 1 0 5 0 1 0 5 0 0 6 36 7 10 4 1 0 0 1 2 3 4 5 6 1029 12 11 10 6 5 4 2 0 0 2 2 1 3 3 0 0 0 0 1 1 4 231 236 2 3 4 11 2 3 1 0 3 0 3 173 5 4 3 2 1 0 0 1 2 3 4 5 12 57 9 9 0 10 4 10 2 2 1
0 0 0 6 0 0 6 18 0 2 1 0 2 0 0 1 4 0 1 3 0 1 5 15 19 6 9 1 1 0 0 2 3 4 5 6 1002 12 2 1 0 2 1 0 0 0 1 1 0 2 2 0 0 0 1 1 1 4 224 0 3 1 2 3 10 1 2 0 0 1 0 0 166 5 4 3 2 1 0 0 1 2 3 4 5 52 3 8 3 4 9 3 2 6 1 1
1 0 2 0 1 1 3 16 0 0 0 0 0 0 0 0 0 0 0 0 1 2 14 3 14 5 6 1 0 0 0 0 1 2 3 4 994 8 7 6 5 4 3 2 1 0 0 0 1 1 2 3 10 16 22 30 36 216 0 0 2 0 1 2 5 3 0 1 0 0 1 2 159 5 4 3 2 1 0 0 1 2 3 12 40 10 2 7 2 3 8 2 1 3 1 0
3 2 1 1 0 0 2 0 14 4 1 0 0 1 0 0 0 0 1 5 7 13 2 5 7 4 3 1 0 0 0 1 2 3 4 5 988 15 14 7 6 5 4 3 2 1 0 0 0 1 1 4 3 3 4 2 1 25 152 1 0 1 0 1 4 1 0 0 1 2 3 4 0 149 3 2 1 0 0 0 2 4 7 4 21 9 1 6 1 2 7 1 0 1 0 0
0 1 0 0 0 0 0 2 1 3 1 0 0 1 2 3 0 0 2 0 4 1 4 3 2 3 1 0 0 0 2 3 4 5 6 7 965 1 0 5 4 3 2 1 0 0 0 0 0 0 1 2 2 3 1 0 0 21 149 2 1 0 0 0 2 0 0 0 0 1 2 3 92 30 20 5 4 3 1 0 0 1 3 2 17 8 0 5 0 1 1 4 0 0 0 0
3 0 0 0 0 0 0 0 0 0 2 0 0 0 2 13 0 0 0 3 0 1 1 2 1 1 0 0 0 1 2 3 4 5 6 7 954 2 1 0 3 2 1 0 1 1 1 0 0 0 1 1 2 0 5 6 20 26 111 6 1 0 1 0 0 0 0 1 2 3 4 5 81 15 13 13 8 4 1 0 0 2 1 6 9 5 1 2 1 0 0 1 1 0 0 1
4 3 1 3 1 0 0 0 0 0 0 0 1 4 14 2 0 0 1 0 0 0 0 0 0 0 0 0 0 0 1 2 3 4 5 6 942 6 5 4 1 0 0 5 2 2 1 2 0 0 0 1 2 4 5 12 25 1 2 105 3 2 3 2 1 0 0 0 1 2 3 80 9 4 8 3 3 2 1 0 1 0 2 2 8 1 2 0 1 0 0 0 0 0 1 1
1 0 4 0 1 0 1 0 5 0 0 36 32 21 1 0 0 0 1 0 5 6 0 0 0 0 0 1 1 1 0 0 0 1 2 3 863 59 58 55 51 44 21 14 13 9 6 2 1 0 0 1 0 4 5 3 20 0 1 5 98 7 2 1 0 0 0 2 3 4 5 75 8 3 0 6 2 2 1 0 0 1 1 1 3 1 0 1 0 0 0 0 0 1 1 2
0 5 4 2 1 0 2 0 8 0 37 0 1 2 0 0 0 0 1 2 0 0 7 1 1 1 2 0 2 2 2 4 1 2 3 4 862 2 1 1 0 5 20 17 14 11 8 2 1 0 0 0 3 4 2 3 15 0 2 1 80 8 4 3 1 0 0 1 2 3 20 47 3 3 2 2 2 1 1 0 0 0 0 0 0 0 0 0 0 0 1 3 5 7 2 2
12 5 0 0 95 80 79 72 71 57 2 0 0 0 0 0 0 1 7 0 0 1 1 8 2 2 5 1 3 0 3 0 5 0 0 1 851 4 2 0 0 2 1 1 1 1 1 4 2 0 0 1 3 1 2 4 9 1 0 3 3 71 2 1 0 4 5 7 8 15 27 14 3 2 2 1 1 1 0 0 0 0 0 0 0 0 0 0 0 1 1 0 1 2 11 15
514 3 1 96 1 8 0 1 3 11 3 0 1 0 0 1 1 1 0 8 1 1 2 2 9 6 0 8 4 0 5 0 2 9 11 839 0 4 0 1 0 0 0 0 0 0 0 0 0 0 0 2 0 1 1 1 8 0 2 2 0 66 2 1 0 2 0 0 5 21 4 4 8 2 1 1 0 0 0 0 0 1 1 2 1 1 1 1 1 2 0 2 0 0 0 0
408 99 98 0 0 0 7 0 2 0 10 2 1 0 0 1 2 2 0 0 9 2 2 3 3 21 0 159 171 172 177 184 185 186 187 636 1 0 3 2 1 0 0 0 0 1 0 0 0 0 0 0 0 0 0 6 0 1 1 2 4 61 3 0 0 1 0 3 16 3 3 3 5 1 1 0 0 0 0 0 1 1 2 5 2 2 2 2 2 3 1 3 0 1 1 1
397 9 3 2 0 0 1 6 0 0 0 8 2 0 0 0 6 0 3 1 1 10 3 7 110 144 147 2 2 0 1 2 4 6 7 635 2 1 0 0 0 1 1 1 2 0 1 1 1 1 0 0 0 2 5 0 0 0 1 0 0 55 0 1 0 0 1 1 13 2 2 2 1 2 0 0 0 0 1 1 1 2 2 3 9 3 3 3 3 4 2 4 1 2 0 5
2 368 4 3 2 0 0 2 1 0 0 0 0 0 0 2 9 17 19 4 7 51 88 97 6 3 1 1 1 0 1 0 0 0 1 444 176 168 1 1 2 2 2 3 1 0 4 0 4 1 1 0 0 0 0 0 0 0 0 13 16 26 8 1 0 0 0 1 10 1 1 1 0 0 0 0 0 1 1 2 2 2 3 3 14 4 4 4 4 5 3 9 2 338 339 360
1 364 2 1 0 0 0 3 2 0 0 0 0 0 0 5 3 5 7 29 40 24 7 2 2 2 0 0 0 0 0 1 0 1 436 6 6 0 165 7 3 3 4 2 0 1 6 5 2 2 1 0 9 1 0 0 5 6 11 1 5 7 11 5 2 0 0 1 7 0 0 0 0 1 0 0 1 1 2 2 3 3 3 4 24 0 213 5 6 240 244 246 326 4 6 12
0 0 359 2 1 1 4 0 0 0 1 3 0 0 3 2 0 0 0 9 23 2 3 1 1 0 0 0 0 0 0 0 3 4 428 5 1 2 4 149 145 13 3 1 2 7 32 25 21 17 14 12 0 5 0 0 0 3 0 4 1 4 7 2 1 0 0 1 3 0 0 0 1 2 2 1 1 4 0 3 7 12 21 165 197 201 1 219 221 2 0 65 2 3 5 11
0 80 15 258 33 7 1 1 0 0 8 1 0 0 0 0 0 1 8 19 2 1 2 0 0 0 0 0 1 1 3 80 81 426 0 4 0 1 3 2 1 128 86 81 70 57 16 15 11 8 3 1 0 3 0 0 1 0 3 0 1 1 2 3 1 0 0 1 0 0 4 1 0 1 5 9 4 5 0 1 0 1 142 1 3 2 0 2 0 1 59 4 1 2 4 4
78 13 0 1 221 22 21 18 16 14 13 1 0 0 0 0 0 5 14 3 1 0 1 0 1 2 4 6 61 70 74 0 4 336 1 1 1 0 2 1 0 14 25 1 6 3 6 2 2 1 3 0 0 0 0 0 0 1 0 0 0 1 0 0 0 0 0 0 1 2 0 6 9 10 11 12 23 49 57 74 100 134 4 0 2 1 0 0 0 46 11 3 0 1 3 3
2 11 0 0 44 175 5 2 1 0 0 0 1 1 0 0 3 11 1 2 0 0 1 2 3 4 9 52 5 1 0 2 1 332 0 0 0 0 1 0 1 11 22 1 0 5 2 2 1 1 0 2 0 1 0 4 0 0 0 1 0 0 0 0 0 0 0 0 0 1 2 4 7 10 13 16 19 1 15 22 5 26 2 0 1 0 1 6 40 4 6 3 2 0 2 2
1 0 9 43 0 158 8 1 0 0 0 0 2 4 1 0 1 8 0 0 0 0 0 1 2 3 41 1 2 0 1 0 0 324 6 5 4 1 0 0 3 6 16 4 0 2 1 1 1 0 0 0 0 2 5 0 0 0 1 4 0 0 1 2 2 1 0 1 0 0 0 1 1 1 1 1 0 12 18 2 4 23 1 1 0 0 3 2 29 3 1 3 2 1 1 0
0 5 2 42 1 1 153 7 5 2 0 0 16 2 1 0 4 0 1 0 4 5 6 7 8 38 1 0 1 0 0 1 2 322 7 5 3 1 0 2 3 1 12 2 3 1 1 0 0 0 0 0 0 10 1 0 0 0 0 0 5 1 1 2 6 3 0 2 2 0 0 0 0 0 0 7 11 7 9 1 3 20 1 0 0 2 1 3 19 4 2 0 2 1 0 0
4 1 0 40 0 0 4 147 0 0 19 18 0 1 0 0 1 1 0 0 1 1 2 3 21 6 0 0 0 3 4 5 6 310 0 0 0 2 0 1 2 0 6 4 1 0 0 0 0 0 0 1 1 12 3 0 2 1 0 0 1 6 2 5 10 5 3 3 1 0 0 0 1 3 6 2 2 3 8 0 2 13 5 0 1 0 2 12 5 1 1 1 0 0 0 0
1 0 0 36 2 0 1 0 146 21 0 0 0 0 0 0 0 0 0 0 0 0 1 14 1 4 0 0 1 0 1 8 9 291 3 2 1 0 1 0 1 0 4 2 0 0 0 1 0 1 1 2 2 13 4 4 2 0 1 0 1 2 7 0 17 10 4 2 1 1 0 0 0 1 1 1 2 6 0 1 2 9 3 0 0 1 9 1 1 2 0 0 0 0 0 0
0 0 31 35 0 1 0 0 145 0 0 0 2 2 1 3 0 0 0 0 0 2 9 1 0 3 1 2 3 4 5 0 1 284 2 1 0 1 0 0 0 1 1 0 0 0 2 2 1 2 0 2 3 17 10 3 1 0 2 1 0 2 3 8 10 34 3 2 2 1 1 0 0 0 0 1 2 2 0 1 5 2 1 0 0 6 1 0 0 0 0 0 0 0 1 1
0 1 26 0 0 0 0 0 120 2 0 0 1 14 5 0 0 1 3 0 0 1 3 0 2 0 0 1 2 3 9 10 11 280 6 5 4 1 0 1 0 0 0 0 0 0 0 3 5 3 0 1 3 22 15 2 0 1 3 2 0 1 3 8 9 54 3 3 2 2 1 0 0 0 0 0 0 1 0 0 3 1 0 0 4 0 0 0 0 0 0 0 1 1 1 2
1 23 0 0 0 2 3 7 118 2 0 0 19 1 0 0 0 0 7 0 0 1 0 0 0 0 1 2 3 4 0 7 179 7 72 5 4 3 2 0 0 0 0 0 1 1 1 1 10 4 1 0 2 43 3 1 2 0 0 4 3 1 2 0 0 65 4 3 3 2 1 1 1 0 0 0 0 0 1 2 0 0 0 1 0 0 0 0 1 2 1 0 1 4 0 2
1 22 1 0 0 0 1 1 25 75 0 63 1 0 0 15 12 10 1 0 0 0 0 0 0 0 1 2 3 4 5 152 17 6 1 63 7 6 5 3 2 1 1 0 1 2 2 4 11 5 2 0 1 51 2 0 3 1 1 0 9 0 2 3 1 74 4 4 3 2 2 2 1 1 0 1 0 0 0 0 0 0 1 0 0 0 1 1 5 3 2 0 1 7 1 0
5 15 2 0 0 0 0 18 0 4 74 0 38 35 33 10 5 3 1 0 0 0 1 2 0 1 0 0 0 0 151 7 8 5 0 45 8 2 1 0 0 0 2 2 1 2 3 3 17 6 3 1 2 55 0 1 6 0 0 3 10 0 1 5 10 75 10 4 3 3 3 2 2 0 1 2 1 1 1 0 1 2 3 0 1 1 0 2 3 6 4 4 2 8 2 0
1 2 0 0 0 6 16 0 2 0 2 6 1 0 2 1 3 0 0 0 0 1 3 2 4 0 2 1 1 149 5 0 7 4 0 1 41 4 2 0 0 1 3 7 11 5 0 4 22 7 4 2 3 57 0 9 1 0 1 4 12 0 0 2 3 15 92 4 4 4 3 3 1 2 0 3 2 0 2 2 3 0 7 1 2 2 0 1 0 5 13 10 3 9 3 1
0 0 0 0 0 1 8 0 1 1 0 5 0 0 0 0 0 2 0 0 1 1 2 7 30 37 39 45 139 5 3 0 6 3 0 1 32 5 0 0 0 0 0 1 2 15 22 57 71 96 110 3 4 58 11 0 3 0 0 2 19 0 0 0 2 4 114 10 5 4 4 2 3 1 0 0 4 4 0 3 3 5 10 0 3 3 0 1 2 4 6 21 37 0 14 64
0 0 0 1 0 0 3 1 0 0 0 0 0 0 0 0 0 0 0 2 7 11 14 18 0 0 11 90 1 3 0 2 5 2 0 1 26 2 4 0 0 3 5 6 16 23 27 12 0 1 5 117 9 59 13 4 0 1 0 4 23 1 0 0 0 0 1 132 5 14 8 4 2 1 0 1 0 5 5 1 8 6 12 0 4 4 1 2 0 0 0 1 2 41 16 72
1 1 0 2 0 0 0 0 0 0 1 2 0 2 1 3 1 0 0 2 0 1 2 1 2 9 1 65 9 0 2 1 4 1 0 2 21 0 1 2 0 1 4 8 5 2 9 1 0 2 2 5 133 206 221 6 0 2 1 32 2 1 0 0 0 0 1 141 15 0 0 7 3 0 1 2 0 1 6 6 11 7 13 1 5 7 3 0 0 0 0 1 2 3 138 1
2 0 1 4 0 0 0 0 0 0 1 2 52 42 4 0 0 0 0 0 0 1 0 3 5 0 0 60 2 8 1 0 3 0 1 1 12 5 0 1 0 1 2 4 1 3 4 0 1 1 1 2 5 1 0 230 1 3 38 2 1 0 0 0 1 1 2 177 13 11 9 0 0 2 0 0 3 1 4 14 0 20 14 2 6 12 1 1 0 0 1 0 1 2 143 0
3 1 7 1 1 0 1 2 0 0 0 54 1 4 26 1 1 0 0 0 0 1 2 0 0 1 54 3 0 1 7 0 2 0 0 1 5 3 4 0 0 1 3 0 2 1 1 0 0 0 1 1 2 0 0 1 233 47 3 2 1 0 0 2 4 7 0 178 0 0 0 1 0 3 1 1 0 4 5 11 15 1 36 3 20 2 2 1 0 0 1 2 3 4 152 2
4 2 10 2 1 0 5 0 2 0 55 0 0 2 1 20 16 4 2 0 0 0 0 0 1 2 48 2 1 0 0 6 0 0 0 1 2 2 1 1 0 0 1 1 0 0 0 0 0 0 0 0 0 0 1 2 287 2 1 0 1 0 0 1 2 3 12 180 2 1 4 1 0 4 2 2 1 0 0 0 12 16 39 4 31 6 2 0 1 0 1 4 0 1 153 98
5 14 3 0 3 0 7 3 1 56 1 0 0 0 0 0 0 8 0 0 0 0 1 1 2 25 47 11 7 3 1 0 4 0 0 0 0 0 0 0 0 0 0 0 0 0 0 1 1 1 0 0 0 1 2 3 292 4 0 4 1 0 0 0 1 0 1 196 5 5 0 0 1 5 3 3 2 0 1 1 1 13 57 37 0 2 1 0 2 0 1 2 8 9 258 2
280 244 6 5 1 8 0 6 57 2 0 0 0 0 0 0 0 3 1 0 0 1 3 15 21 2 5 1 0 2 0 0 1 0 0 0 0 0 0 0 0 0 0 1 1 1 1 1 4 2 2 1 1 0 0 0 0 298 5 0 0 0 0 1 2 5 0 0 203 6 2 0 2 6 4 4 3 1 0 2 4 14 58 44 4 0 0 1 3 1 0 0 1 12 275 2
5 7 232 227 217 1 7 58 3 1 1 0 29 27 17 3 1 0 1 0 3 6 8 1 2 1 2 1 0 0 0 0 0 0 0 1 2 2 0 0 1 1 1 0 2 2 2 2 0 5 3 5 2 0 1 4 1 299 11 3 1 0 0 1 0 1 9 0 205 7 4 3 0 0 12 9 0 0 2 4 3 79 0 45 0 0 1 2 6 1 0 0 1 4 286 4
4 6 3 4 3 203 193 120 39 36 33 31 0 5 0 11 0 0 0 0 0 0 0 0 0 0 0 0 0 0 0 0 1 1 1 1 5 4 1 0 0 2 2 2 1 3 3 3 3 1 10 6 0 3 1 10 0 0 317 3 2 0 1 0 2 3 14 0 207 0 18 1 0 0 1 24 0 1 0 0 10 81 0 46 1 1 0 5 10 0 2 0 0 0 293 5
3 5 2 3 2 0 10 1 75 3 2 1 0 0 3 2 7 2 0 0 0 0 0 0 0 0 0 0 0 2 0 0 0 2 2 2 2 13 1 0 1 0 3 7 11 14 4 9 18 2 0 18 1 0 4 12 0 0 321 2 1 0 2 0 2 3 12 245 1 0 0 21 1 1 0 27 1 2 1 0 11 0 83 0 50 2 1 17 5 4 0 0 0 0 304 9
2 4 1 2 1 6 2 0 66 3 2 1 0 0 1 1 1 1 0 0 2 5 1 0 2 1 2 0 1 4 1 0 0 1 3 3 3 17 3 2 0 0 1 2 3 4 20 21 31 51 55 57 21 0 25 2 0 1 329 6 5 4 0 0 2 7 0 5 246 0 1 25 28 2 1 28 0 6 0 3 12 1 84 0 0 57 0 26 1 0 0 0 2 313 6 5
1 3 0 1 0 5 1 4 7 52 2 1 0 0 0 0 0 0 0 0 0 0 6 2 4 2 3 1 2 5 3 0 0 1 2 4 4 22 7 1 1 0 0 0 2 4 7 8 4 9 11 12 93 0 0 26 0 337 4 3 2 1 0 0 2 0 1 1 0 248 0 0 0 33 36 29 0 0 9 14 0 34 122 1 60 0 27 0 1 0 0 2 321 0 0 4
0 1 0 0 4 0 3 1 4 44 3 2 1 2 1 0 0 0 0 1 1 1 1 7 3 8 4 2 9 4 0 1 0 1 2 3 5 28 10 2 1 1 0 0 0 1 1 3 3 0 3 5 6 94 0 27 338 0 0 4 3 2 0 0 0 0 0 3 5 7 259 261 269 0 0 69 0 0 1 17 19 0 1 192 0 0 29 3 0 0 0 1 326 1 9 2
0 0 0 0 2 2 0 1 1 9 33 4 3 0 0 0 0 1 1 3 0 4 2 0 8 13 5 3 15 1 2 0 0 1 2 3 4 35 11 5 2 1 0 0 0 0 0 1 0 2 0 0 1 104 474 367 0 1 9 2 1 0 0 0 0 0 2 0 0 1 1 5 0 272 0 287 359 361 362 363 0 0 2 0 193 1 38 3 2 0 0 1 0 339 6 5
1 0 0 1 0 0 0 0 8 1 15 9 5 3 1 0 0 1 2 2 4 1 5 3 1 23 6 20 2 3 1 0 0 1 2 3 4 46 12 9 2 1 1 0 0 0 0 0 1 0 1 2 3 4 0 475 0 42 1 0 0 0 0 2 0 0 0 0 0 0 0 1 0 3 286 0 0 7 372 0 0 0 0 0 4 246 4 3 2 0 0 0 0 357 2 1
3 1 0 0 0 1 2 7 0 0 6 6 2 0 0 0 1 1 2 3 3 5 2 6 4 2 31 24 4 2 2 0 0 2 5 3 4 0 60 13 2 2 1 0 1 1 0 0 0 0 0 1 2 3 487 0 43 0 24 1 1 1 0 3 3 0 0 0 1 0 0 0 1 1 11 0 2 2 0 375 387 1 0 0 0 0 247 1 0 0 0 1 3 358 0 0
2 1 0 0 0 0 1 0 0 0 4 3 1 0 0 1 1 4 2 3 4 4 6 3 7 5 35 30 3 3 0 0 0 0 0 6 4 5 62 17 0 5 1 0 2 2 1 0 1 1 3 0 0 1 488 44 28 0 0 21 20 6 4 4 0 0 0 1 3 1 0 0 0 0 0 1 1 1 0 8 0 388 3 0 0 0 253 1 0 0 0 2 363 0 20 10
0 1 0 2 0 0 0 0 0 0 2 1 0 0 0 2 5 0 5 3 4 5 5 7 4 8 42 35 8 3 1 0 0 1 3 5 13 25 63 19 0 6 2 1 3 3 2 1 0 2 0 4 6 7 580 29 0 26 2 0 1 6 5 1 0 0 1 1 8 11 0 2 0 0 0 0 0 0 0 6 0 0 390 402 1 254 2 1 0 0 1 0 364 26 1 7
