assets/unittest/rioSinos_fac.asc
ncols 1546
nrows 931
xllcorner -51,428722
yllcorner -30,018405
cellsize 90
NODATA_value -9999
[rows 444 to 517 of 931, columns 384 to 479 of 1546]
0 0 0 0 1 7 5 5 4 0 2 1 1 0 0 0 0 1 52 54 55 78 16 21 2 3 0 2 0 14 0 1 6 7 0 1 2 2 6 1016 2 0 0 1 0 1 2 0 0 0 0 0 0 0 1 4 3 8 1 0 0 0 1 1 6 0 1 5 107 133 135 158 171 184 190 11 35 2 1 0 0 1 2 3 8 12 4 0 1 3 4 832 32 31 0 20
3 1 0 0 4 2 1 4 0 2 1 0 0 0 0 0 1 2 41 0 21 13 1 16 3 1 2 0 0 13 0 0 4 6 0 1 1 2 2 853 0 1 2 1 0 0 0 1 0 0 0 0 1 0 1 9 16 2 1 0 0 0 0 1 3 0 2 4 3 3 18 2 3 1 0 197 246 7 1 0 1 0 2 3 0 1 15 21 23 24 789 0 2 7 21 9
0 2 0 0 0 1 0 2 0 0 0 0 0 2 5 9 13 36 3 0 19 12 0 0 14 2 0 1 1 1 8 2 0 5 0 0 1 0 0 0 850 701 2 0 1 0 0 0 0 1 1 1 2 1 0 27 0 1 0 1 0 0 0 0 1 1 3 2 2 11 1 1 2 0 4 3 4 260 0 1 2 0 1 7 0 0 0 0 1 2 1 758 1 6 2 0
0 3 0 0 1 0 0 0 0 0 0 0 0 0 2 2 1 19 2 0 11 5 11 0 3 8 1 0 0 0 7 1 1 1 0 0 0 0 0 1 145 2 689 5 1 0 2 1 2 0 2 2 5 0 0 30 2 0 0 3 1 2 1 0 0 2 1 1 3 6 0 0 1 3 2 1 3 4 262 2 3 1 2 8 1 1 0 1 0 0 756 0 0 0 1 0
0 5 0 0 2 0 1 0 0 1 1 1 0 0 1 0 18 0 0 5 4 4 5 4 2 5 1 0 0 5 0 0 0 0 0 0 0 2 108 144 1 6 5 669 5 3 2 0 3 1 3 3 8 0 83 81 36 34 28 20 12 7 1 0 1 0 0 2 1 1 1 0 2 1 0 0 0 0 6 263 7 15 0 9 12 2 658 663 664 755 0 0 4 3 2 0
6 0 1 1 0 4 2 2 0 2 12 7 0 0 0 2 17 0 1 2 3 3 4 3 1 3 0 0 3 26 27 0 0 0 0 91 96 103 30 3 0 5 4 2 659 190 5 0 4 2 8 9 88 87 0 2 6 1 3 2 4 0 4 0 0 0 1 0 0 0 0 1 0 0 0 1 2 4 5 277 16 0 0 0 0 657 0 0 0 2 88 55 0 21 0 1
0 3 0 2 1 5 3 29 22 21 2 0 4 0 0 1 12 2 0 1 2 2 3 2 0 1 0 2 25 1 6 48 49 52 88 1 0 5 29 2 4 0 2 1 7 459 189 181 179 121 117 95 3 1 1 1 1 1 0 2 1 3 0 3 0 0 1 2 6 7 8 9 15 16 18 19 20 21 22 301 17 0 603 606 625 640 7 0 0 17 8 1 46 13 5 1
1 5 0 3 8 0 35 0 1 0 0 0 2 2 0 0 3 1 1 0 1 1 2 1 0 0 1 24 0 3 10 0 0 31 1 0 3 0 28 1 3 1 0 1 4 0 457 0 0 51 50 1 1 0 0 0 0 0 0 0 0 0 1 0 0 0 1 2 0 2 3 4 3 5 7 9 10 11 12 17 601 602 0 0 14 0 3 5 8 7 7 0 19 3 12 2
453 452 441 432 413 0 38 1 0 0 0 4 0 1 1 0 0 0 0 0 0 0 1 0 1 4 15 7 2 9 0 15 17 12 0 1 0 0 26 0 2 0 0 3 6 10 12 456 0 1 0 49 0 0 2 1 0 0 2 1 0 0 0 0 0 0 1 2 0 0 1 2 0 0 0 0 1 2 3 0 253 6 0 2 9 0 2 4 7 6 6 6 11 2 8 2
0 0 6 3 0 410 409 1 0 0 6 1 0 0 0 0 0 0 0 0 0 0 0 0 1 1 7 6 1 8 0 12 0 9 1 0 3 13 10 0 1 0 2 4 0 2 0 13 427 2 1 0 48 40 36 35 18 16 12 11 4 2 0 0 0 1 0 0 3 0 0 0 0 0 0 0 1 2 3 237 14 0 3 1 7 0 1 3 6 5 5 5 10 1 3 3
14 0 5 1 0 10 6 349 1 7 2 0 0 0 0 39 37 35 3 1 1 0 0 0 0 3 2 5 0 7 5 5 0 7 0 2 3 4 6 2 0 0 1 1 1 5 8 3 415 5 4 3 1 6 4 2 15 11 6 4 5 2 0 0 2 4 7 1 1 4 1 1 1 1 1 1 2 8 236 1 0 13 2 0 4 1 0 2 5 4 4 4 9 0 2 2
11 0 0 3 0 9 5 0 348 330 306 292 1 0 41 1 0 0 27 24 4 2 0 0 0 1 1 4 4 1 4 4 0 5 1 2 0 2 3 1 1 0 0 0 4 1 1 0 411 2 1 0 0 0 0 0 1 2 3 0 3 1 0 0 1 2 3 12 2 2 5 2 4 2 0 3 4 0 0 218 4 5 6 1 1 1 0 1 4 3 3 3 4 3 1 1
3 10 0 0 0 8 4 7 5 6 7 8 288 46 2 0 0 0 0 0 16 13 3 1 0 0 0 3 3 0 3 3 2 1 0 1 1 1 0 0 0 0 1 3 0 0 0 108 296 4 2 1 0 0 4 3 1 0 1 2 1 0 0 0 1 2 3 4 24 29 35 44 50 61 62 0 1 2 202 4 4 3 4 5 0 0 0 0 3 2 2 2 3 2 0 0
0 1 9 0 5 1 3 6 4 5 6 0 6 240 219 198 1 0 0 0 0 0 8 4 3 2 0 1 2 2 0 1 1 0 0 0 0 0 0 0 0 1 0 0 0 0 98 7 6 288 0 0 1 8 2 0 0 0 0 0 0 0 0 1 2 3 4 5 0 1 1 1 1 0 1 65 145 176 16 4 3 3 2 3 4 3 1 0 1 1 1 1 2 0 0 1
8 0 6 0 4 0 2 5 3 4 5 3 1 19 4 13 194 1 1 0 0 1 0 2 1 0 1 0 1 1 0 0 0 1 2 3 0 0 1 74 75 83 87 90 94 96 6 2 0 1 287 2 9 1 0 0 0 0 0 0 0 0 0 0 0 1 2 0 0 0 0 0 0 1 2 78 14 14 6 8 3 2 2 1 2 0 0 0 0 0 0 0 0 0 0 0
0 7 2 2 2 0 1 4 2 3 4 2 0 18 3 1 10 190 5 1 2 0 4 3 2 1 0 0 0 0 0 1 0 0 0 0 4 1 69 2 6 0 1 0 0 4 0 1 0 0 282 13 2 0 0 1 1 1 0 2 1 0 0 1 3 4 0 4 1 0 0 0 0 0 74 12 0 13 5 2 4 2 1 1 0 0 0 0 0 0 0 0 0 0 0 0
2 2 3 1 1 1 0 3 1 2 3 1 0 16 2 0 4 4 183 5 1 5 0 0 0 0 1 0 0 1 2 3 6 8 10 12 14 65 1 1 0 0 0 1 2 0 0 0 0 1 206 280 3 1 0 4 0 10 6 2 0 0 1 1 2 0 6 7 13 30 32 34 56 72 6 4 0 11 4 1 1 1 1 0 0 0 1 1 1 1 1 2 0 1 0 1
1 1 1 0 0 0 0 2 0 1 2 0 1 13 1 2 0 3 13 162 10 3 1 1 6 4 1 0 0 1 2 3 4 23 25 27 40 3 0 0 0 8 9 0 0 0 0 0 195 201 1 0 53 31 19 13 11 0 0 0 1 1 2 0 0 5 6 10 13 6 8 18 9 4 5 3 8 1 3 0 0 0 0 0 0 1 2 2 2 2 5 1 0 0 2 1
0 0 0 0 0 0 1 0 1 0 1 0 1 10 0 1 2 11 0 6 143 29 27 11 3 2 1 0 0 1 2 7 17 0 0 5 5 2 0 1 6 2 5 17 156 183 190 192 1 2 0 12 1 5 9 4 3 1 0 3 0 5 0 1 0 0 2 1 5 0 3 4 8 3 4 2 7 0 1 0 0 0 0 0 1 3 3 3 3 3 6 2 1 1 0 5
0 0 0 1 7 5 2 1 0 0 0 0 1 7 0 1 2 7 0 4 112 0 0 12 9 2 1 0 0 2 3 7 0 1 4 3 0 1 1 3 1 1 0 130 4 24 4 0 0 1 5 5 0 2 1 3 2 1 4 0 1 14 6 2 0 0 0 1 2 2 3 0 6 2 3 1 4 1 0 0 0 1 2 0 1 6 4 4 4 4 7 3 2 2 1 6
0 1 13 9 0 0 0 0 2 1 0 0 1 4 0 1 3 2 3 0 106 2 1 0 1 5 1 0 0 0 1 4 0 1 1 0 0 0 0 0 0 0 129 0 2 23 2 0 0 4 0 3 0 0 0 0 0 0 0 5 18 0 0 0 0 0 0 0 0 1 2 3 1 1 2 0 3 0 0 1 1 3 6 3 1 9 5 5 10 0 8 4 3 3 2 7
132 116 1 0 1 1 8 6 2 1 0 0 0 2 0 2 1 2 3 7 102 2 1 0 0 0 2 1 0 0 2 0 0 0 0 0 0 0 0 0 0 0 127 1 21 0 0 0 1 1 0 1 0 0 0 0 2 1 1 25 1 1 0 0 0 1 0 0 0 0 0 2 0 0 1 2 3 4 5 6 9 10 11 19 24 73 80 98 1 0 9 5 4 4 3 8
8 3 99 18 15 12 2 1 0 0 0 0 0 0 1 0 1 2 2 3 23 65 2 1 0 4 3 2 0 0 1 2 3 4 5 7 9 11 13 15 62 124 0 0 2 17 5 0 0 0 0 0 0 1 1 1 4 2 2 28 2 1 1 0 1 2 2 0 0 0 0 0 0 0 1 2 1 3 4 5 6 7 8 9 35 0 15 20 126 1 0 17 5 5 4 19
2 4 2 79 1 0 3 2 1 3 1 0 0 0 0 0 1 1 2 3 18 1 59 23 8 2 1 0 0 0 1 2 3 4 5 6 33 39 41 44 0 1 56 0 0 6 3 3 0 0 1 0 1 1 2 2 2 8 3 32 2 2 1 0 2 3 3 2 1 1 0 0 0 0 1 0 0 2 6 9 10 11 12 24 6 13 3 0 0 130 131 152 159 11 0 20
0 3 1 2 73 5 0 0 4 0 1 0 2 0 0 0 0 1 2 15 1 0 8 25 12 9 2 1 0 0 0 1 2 3 4 25 4 0 0 0 0 33 38 16 1 0 2 2 1 0 1 4 6 2 2 3 3 12 4 36 3 0 3 0 3 8 3 0 2 3 1 1 0 0 0 0 1 2 1 0 3 7 10 5 0 4 2 0 1 0 0 0 0 175 1 0
0 1 0 1 2 63 58 7 1 2 1 3 3 1 1 0 0 1 1 12 0 2 4 17 6 1 5 2 0 0 1 2 9 12 19 2 0 0 21 25 32 0 2 4 10 0 1 1 0 0 1 2 3 11 15 19 24 42 5 37 5 0 4 1 4 9 4 1 7 5 2 1 1 0 0 0 1 0 0 1 2 1 2 1 1 1 1 0 3 10 0 15 16 208 0 0
0 0 0 0 1 1 1 48 44 38 31 27 5 4 1 0 0 0 7 3 1 0 2 14 1 5 0 1 0 0 1 5 1 3 1 1 1 19 1 0 5 0 0 3 6 2 0 0 0 0 1 2 3 4 5 6 7 16 66 38 6 1 5 2 5 10 5 10 6 0 2 2 1 0 0 1 0 0 0 1 0 0 0 0 0 0 0 1 1 4 14 0 11 1 210 211
3 0 0 0 0 0 0 0 1 1 3 2 12 8 6 1 0 3 2 2 0 1 2 8 1 0 4 1 0 0 2 0 2 0 0 0 0 15 0 2 1 0 2 1 3 0 0 0 0 0 1 2 3 4 5 6 7 0 1 106 7 0 9 3 6 11 38 20 12 10 6 2 0 2 0 2 0 1 1 0 0 0 0 0 0 0 0 0 0 0 2 0 8 0 0 1
75 66 59 57 2 1 0 0 0 0 0 1 1 2 0 3 0 2 1 1 0 1 2 2 1 0 0 0 0 0 0 1 0 2 3 4 8 5 1 0 0 0 0 0 1 0 0 1 1 0 1 3 5 6 7 8 9 10 11 109 8 0 0 10 23 39 1 0 4 3 2 1 3 0 1 3 0 1 4 1 1 0 1 2 1 1 0 0 0 0 0 5 0 0 0 0
1 1 4 0 53 50 44 1 0 0 0 0 0 0 1 0 1 1 0 0 0 0 0 0 0 0 0 0 0 0 0 0 0 0 1 2 2 1 0 0 1 3 4 0 0 1 1 2 2 0 0 0 1 4 7 8 13 14 0 123 0 9 2 11 68 3 0 13 7 6 5 4 1 2 0 0 4 1 7 2 2 1 2 3 2 2 1 1 1 2 3 0 0 1 2 6
0 0 1 0 1 2 1 40 37 3 1 5 4 3 2 1 0 0 0 0 0 0 0 0 0 0 1 1 1 1 1 0 1 0 0 0 0 0 0 1 2 3 4 5 1 3 5 3 0 0 1 0 1 1 1 3 1 2 18 143 0 1 16 98 0 19 18 3 2 1 0 0 5 0 0 1 1 5 10 3 0 5 3 4 3 3 2 2 0 0 1 0 0 0 1 0
0 0 0 0 0 1 0 1 2 28 22 11 10 7 4 2 1 0 0 0 1 1 2 0 1 2 2 2 2 2 2 1 2 1 1 0 0 0 0 1 2 3 0 6 13 2 14 1 0 1 2 0 0 0 0 0 0 1 2 3 144 1 0 0 120 3 2 1 0 0 0 1 6 1 1 2 2 0 17 4 0 1 10 48 4 17 4 0 2 0 0 3 2 0 0 0
0 2 0 0 0 0 0 0 1 1 2 3 1 1 1 0 0 0 0 1 1 2 5 0 4 3 3 3 3 3 3 2 3 2 3 1 0 1 0 1 2 3 8 12 13 28 18 2 3 3 0 0 0 0 0 0 1 2 3 4 15 173 0 0 128 0 0 0 1 0 1 2 7 2 2 3 3 1 18 5 1 2 49 0 30 26 3 0 0 3 0 0 7 0 2 1
4 0 6 3 1 0 0 0 0 0 0 0 0 0 0 0 0 2 1 0 2 2 9 0 0 5 12 0 4 0 4 7 4 3 6 0 1 2 0 0 0 1 2 0 1 2 29 22 4 4 1 1 1 1 1 0 0 1 2 5 4 8 174 0 130 1 4 2 1 0 2 3 0 11 3 4 4 21 6 0 64 61 9 0 2 1 1 1 0 2 7 9 9 0 10 4
0 7 0 0 1 1 1 0 0 0 0 0 0 0 0 0 0 1 5 1 3 0 13 1 0 7 14 0 0 5 1 5 17 0 0 8 2 3 1 1 0 0 0 0 0 1 5 59 5 5 2 2 2 2 2 1 0 0 1 3 0 1 2 178 0 143 3 2 0 1 3 4 0 2 12 9 5 31 1 66 0 0 4 1 1 0 0 0 0 1 2 3 34 35 47 51
8 0 1 3 2 2 3 1 0 1 2 1 0 1 1 1 0 1 2 8 4 0 2 16 0 9 15 2 0 0 8 6 18 1 1 9 3 4 2 2 1 1 2 1 3 4 5 6 66 6 3 3 3 3 3 2 1 0 0 1 0 1 2 3 183 328 355 25 0 2 12 1 0 0 4 29 32 0 67 0 0 0 0 0 0 0 0 0 1 2 0 7 1 0 0 52
9 1 6 3 3 4 0 1 0 2 3 3 0 2 2 2 1 0 2 17 0 0 0 4 17 1 10 19 1 1 9 0 7 21 2 10 9 0 3 5 0 0 0 4 5 6 7 8 16 74 4 8 0 0 8 3 2 1 0 0 0 1 0 1 2 3 356 0 22 21 1 0 0 0 1 70 1 68 4 2 0 1 0 0 0 0 0 1 0 0 5 0 0 1 4 57
10 2 31 19 14 7 2 1 0 3 8 1 0 3 3 3 2 1 3 18 2 0 0 1 25 2 0 31 2 0 12 1 8 22 3 11 11 4 6 1 0 0 1 0 0 1 2 3 4 22 75 14 1 1 13 0 5 3 1 0 0 0 1 2 0 1 374 1 0 0 1 0 3 5 6 85 0 75 0 0 2 0 3 0 1 1 0 3 2 0 0 1 3 5 11 59
58 41 3 2 1 0 2 0 1 4 11 1 0 4 4 4 3 2 4 19 3 1 0 0 0 26 3 33 0 3 14 2 9 23 4 12 12 5 7 2 1 1 0 2 1 0 1 2 3 4 28 120 2 2 15 0 10 1 0 0 0 0 1 2 6 7 378 2 1 0 0 0 1 1 3 0 86 166 1 0 4 4 0 0 0 4 1 4 4 0 0 0 0 0 1 12
1 1 4 2 0 0 0 3 0 5 16 3 0 5 5 5 4 3 5 20 4 2 1 0 1 1 27 38 1 4 15 3 0 39 13 0 0 19 11 0 2 2 0 1 3 2 0 0 0 1 2 3 128 20 0 1 13 0 1 0 1 0 1 2 3 4 383 3 2 1 0 0 0 0 2 4 5 195 197 0 0 10 1 1 1 7 0 10 0 0 0 0 0 0 1 4
1 0 0 0 0 0 5 1 0 23 0 0 1 6 6 6 5 4 6 27 0 0 5 0 1 2 2 67 2 0 21 4 0 55 1 1 0 0 33 3 0 0 4 0 2 7 0 1 1 2 3 0 1 153 0 0 17 2 1 2 0 0 0 1 2 13 386 1 0 0 0 0 0 1 0 0 1 19 0 200 201 12 0 4 10 1 0 11 3 0 0 1 3 10 11 12
0 0 0 0 1 6 0 2 1 25 1 2 0 7 7 0 13 5 35 0 0 0 1 6 1 2 3 71 3 1 22 5 1 56 4 1 0 0 41 0 0 1 6 1 3 8 0 4 0 7 10 17 0 154 0 0 26 2 3 0 2 0 0 0 1 4 413 10 9 7 5 1 0 0 1 2 14 1 0 0 0 203 218 16 2 1 0 16 0 2 0 0 1 2 4 5
0 0 1 3 0 7 1 3 0 28 5 0 1 8 8 1 14 6 36 1 1 0 1 4 7 2 6 11 76 2 23 6 59 0 10 2 0 0 42 0 0 2 5 9 13 0 0 0 5 1 1 4 26 28 185 0 27 0 4 1 3 2 0 0 0 0 414 0 3 2 1 1 0 0 1 2 5 1 0 0 0 0 1 219 24 1 0 18 3 1 0 0 1 3 2 4
0 1 2 4 1 10 4 0 0 30 7 0 2 9 9 2 15 7 37 2 2 1 0 0 5 8 0 1 14 80 24 7 62 0 12 0 1 43 0 0 1 2 3 20 15 0 0 2 0 0 3 1 0 5 6 196 235 0 5 2 4 4 0 0 1 0 423 7 2 1 0 0 0 0 1 2 1 0 0 0 1 8 10 2 245 0 20 0 8 1 0 0 2 1 0 0
1 2 3 5 2 16 1 0 0 32 8 1 3 10 10 19 0 46 3 0 3 2 1 0 2 9 19 20 21 37 178 63 0 0 13 2 0 44 2 0 0 0 1 21 16 0 2 4 0 1 0 0 1 2 2 4 1 245 246 267 279 291 1 1 2 426 0 3 2 1 0 0 0 1 2 3 0 0 0 2 4 0 0 12 329 21 1 9 0 1 0 0 0 0 0 2
10 4 0 0 9 17 3 0 1 33 9 2 4 11 11 20 1 51 1 4 0 3 0 2 0 1 2 3 4 5 223 0 1 1 14 3 1 45 4 0 1 0 1 41 0 1 8 2 1 0 0 0 1 1 2 0 0 8 13 2 1 5 293 296 769 0 34 23 22 21 0 1 1 0 0 5 0 1 0 1 2 0 41 43 0 330 12 5 3 0 1 1 0 0 0 0
3 2 0 0 11 18 4 3 0 44 0 0 8 12 12 21 54 8 5 0 1 4 1 0 3 4 5 6 7 8 9 227 0 0 23 0 2 46 5 3 0 0 1 47 0 0 17 1 0 0 0 0 0 1 0 1 7 9 2 1 0 2 0 1 770 36 0 5 4 0 19 7 2 0 1 8 1 0 25 28 29 39 0 0 6 1 370 16 14 12 8 2 0 1 0 0
2 0 0 1 3 31 10 4 46 1 0 0 15 29 35 55 9 0 0 1 2 5 2 1 0 0 1 3 6 7 8 249 0 0 25 3 47 6 4 0 1 0 0 51 0 0 19 0 3 1 1 0 0 0 1 4 0 7 1 0 0 0 0 0 772 0 0 1 0 2 0 9 3 0 0 1 12 21 1 0 5 0 3 4 0 379 0 0 0 0 2 0 0 0 3 0
1 0 0 1 2 50 0 0 52 2 0 1 1 0 128 0 10 2 0 2 3 6 3 2 1 0 0 1 2 3 4 256 0 0 0 26 52 14 1 0 0 3 0 53 0 0 21 4 0 2 1 0 0 0 0 1 0 3 1 0 0 1 2 0 775 17 5 2 1 0 1 1 2 1 0 0 1 3 0 1 1 1 1 3 4 391 4 3 2 1 0 0 0 1 7 0
0 0 0 1 2 55 1 53 2 1 0 0 0 1 2 129 12 3 1 3 4 7 4 3 3 1 0 0 1 1 4 267 0 0 2 27 68 0 0 2 0 0 61 1 0 1 28 0 4 4 1 0 0 1 1 1 0 0 1 0 0 1 2 6 805 1 9 7 5 0 0 0 0 0 0 0 0 1 0 0 0 0 0 0 1 402 7 2 1 0 0 0 0 0 9 3
0 0 0 1 2 3 112 10 6 3 2 0 0 1 2 3 147 6 4 0 5 13 4 4 4 1 0 0 0 1 0 3 268 271 0 101 0 2 5 1 0 0 68 1 0 0 31 0 10 1 0 0 0 1 6 0 1 0 0 0 0 0 1 808 0 0 0 0 0 3 2 1 0 0 0 0 0 0 0 0 0 0 0 0 1 403 0 3 2 1 0 0 2 1 10 4
1 0 0 0 1 0 128 1 0 1 0 0 0 1 0 1 8 169 1 0 20 0 10 5 2 1 0 0 0 0 2 1 2 3 280 385 3 7 0 0 1 69 0 0 0 2 32 1 15 1 0 0 1 1 10 4 1 0 0 1 3 5 6 818 1 0 0 5 4 3 2 1 0 0 1 2 0 0 2 5 0 2 0 1 4 410 4 3 2 1 0 0 2 6 20 7
3 1 0 0 1 142 7 4 3 2 1 0 0 0 1 5 0 1 174 1 23 0 0 21 0 0 0 1 0 0 0 1 2 3 0 0 412 1 0 0 80 0 1 0 0 2 41 16 2 1 0 0 1 4 16 3 2 0 0 1 2 3 8 829 11 10 8 1 0 1 0 0 0 0 4 3 1 0 0 1 10 13 17 19 25 416 4 3 2 1 0 0 0 1 2 29
2 1 0 0 1 143 6 5 4 3 2 0 0 1 2 3 4 7 10 216 1 0 0 0 23 3 1 3 0 0 0 0 1 2 5 7 415 2 1 81 0 5 2 0 0 0 1 62 0 0 0 0 1 7 24 2 1 0 0 1 2 3 0 0 851 7 5 4 3 0 0 2 0 0 0 6 4 3 0 0 0 0 0 1 28 419 1 0 2 1 0 0 0 0 1 35
1 0 1 0 0 160 5 4 3 2 1 0 0 1 2 0 1 0 0 217 1 0 0 2 29 0 4 1 1 0 0 0 0 1 0 1 0 416 92 9 7 2 1 0 0 1 2 69 0 2 0 0 1 35 4 3 0 0 0 1 2 8 9 10 864 0 0 0 13 12 10 6 3 0 0 1 14 4 1 0 0 0 0 1 4 535 4 3 0 0 0 0 1 1 0 0
541 0 2 1 0 173 4 3 2 1 0 0 0 0 0 0 1 0 0 0 218 0 0 51 14 13 7 4 1 0 0 2 0 0 0 0 1 511 0 0 0 3 1 0 0 1 2 3 75 3 1 1 2 43 1 0 1 0 0 1 4 1 4 5 871 0 1 14 3 2 1 0 1 0 0 1 4 22 28 3 1 1 0 1 80 0 544 1 1 1 0 0 1 2 2 47
0 546 2 0 174 5 4 3 2 1 0 0 0 1 1 1 2 3 0 2 225 0 0 52 0 0 0 7 6 1 1 0 3 1 1 0 0 514 1 5 2 1 0 0 0 1 2 0 1 136 53 48 44 4 3 2 1 0 0 1 0 1 1 4 7 906 22 4 0 0 0 0 0 0 0 1 0 0 0 35 58 61 62 79 0 7 564 571 4 1 0 0 1 5 0 476
5 558 0 177 0 20 3 2 1 0 0 0 1 1 2 2 3 11 0 0 0 226 55 0 1 15 13 0 1 1 0 3 9 12 0 2 4 518 11 4 3 1 0 0 0 1 7 8 9 148 0 0 0 7 1 0 0 0 0 0 0 0 1 0 0 1 907 1 1 1 1 1 2 0 0 1 2 3 4 6 8 0 15 0 5 8 1 0 575 2 1 1 2 6 477 3
32 559 0 201 22 12 2 1 0 1 0 0 1 4 2 6 7 8 13 0 1 3 309 20 17 0 1 1 0 0 1 2 3 0 15 0 34 575 3 2 1 0 0 0 2 0 1 25 26 180 182 1 8 0 0 1 1 0 0 2 0 0 0 1 0 0 2 914 7 2 2 3 1 0 0 0 1 3 5 7 3 8 4 3 1 5 0 2 0 580 583 636 649 1145 7 2
0 596 802 1 0 0 11 4 3 0 1 1 0 0 6 7 8 0 53 0 0 310 0 0 2 1 0 0 0 0 1 3 8 14 15 32 0 592 2 1 0 0 0 0 0 4 24 0 2 0 194 195 11 1 1 6 1 0 4 2 0 0 2 4 7 0 0 0 971 8 4 3 0 0 1 0 0 0 3 2 2 3 3 2 0 4 0 0 0 1 49 0 7 1150 1 0
1 0 803 1 0 0 0 4 3 2 2 0 0 3 4 6 9 26 1 54 56 376 6 3 0 0 0 0 0 0 0 1 3 0 3 4 11 598 2 1 0 2 0 0 2 3 14 0 5 8 1 0 210 4 7 2 1 9 3 0 0 0 0 1 3 12 0 0 36 979 5 0 0 3 0 1 0 1 0 1 1 2 2 1 0 2 2 3 4 5 40 6 2 0 1151 6
1 12 820 0 2 0 0 0 0 3 1 2 1 0 0 1 0 5 0 5 6 0 377 0 1 6 3 1 0 0 0 0 1 2 0 5 0 0 604 4 3 0 0 0 1 12 0 4 0 0 0 0 0 212 17 0 11 0 1 1 0 0 0 0 0 1 23 34 0 0 980 0 1 4 1 3 1 0 0 0 0 1 1 0 1 1 0 1 2 39 2 2 1 0 1163 2
9 0 1 830 2 1 0 2 4 2 4 0 0 0 0 0 2 1 4 0 1 18 378 0 4 22 4 3 1 0 0 0 0 2 3 0 4 0 605 2 1 1 0 0 1 5 3 3 0 0 1 2 3 4 249 12 0 2 2 1 0 1 0 0 1 3 6 9 0 0 1 984 10 2 10 5 2 1 0 0 0 0 0 0 0 0 1 3 6 28 1 1 0 0 1 1168
0 9 10 843 0 0 1 8 3 5 4 3 1 0 0 0 0 2 0 0 6 0 398 0 23 0 3 2 1 2 0 0 0 0 1 2 0 6 623 8 4 1 0 0 0 1 2 0 0 1 4 13 14 16 278 280 0 6 2 0 1 2 1 0 0 0 0 6 0 0 4 5 1021 12 0 2 1 0 1 1 0 0 0 0 0 0 0 0 0 27 0 0 0 0 1 1172
8 0 1 854 855 857 11 0 10 5 0 0 0 0 1 0 0 0 0 2 1 2 3 400 24 0 11 10 9 5 3 0 0 1 5 6 7 8 0 639 4 3 1 0 0 0 0 0 0 1 2 4 0 9 0 3 300 3 0 1 2 3 3 0 0 0 3 1 1 2 0 5 0 1026 3 1 0 2 2 1 1 0 0 1 1 1 1 0 25 0 0 0 0 1 29 1258
0 1 4 1 0 0 871 0 23 9 1 1 1 0 2 1 0 0 0 0 1 1 2 408 26 16 3 2 1 0 0 0 0 2 0 1 2 3 4 641 0 2 1 1 0 0 0 0 0 1 3 0 5 2 2 0 1 304 1 2 3 4 4 2 0 0 1 0 0 1 2 0 7 1039 2 0 3 0 5 2 1 0 0 1 4 7 12 23 0 1 0 13 21 23 0 1260
0 1 0 0 59 61 66 940 971 0 2 2 1 0 3 3 1 0 0 0 0 0 1 2 463 6 5 4 3 1 0 0 0 1 3 4 5 6 7 671 3 0 2 1 1 1 1 0 0 1 0 1 1 1 1 0 2 0 317 0 4 5 10 1 3 1 0 0 0 0 3 6 0 1 1040 26 20 18 11 7 4 2 0 0 2 4 22 0 4 9 10 4 0 0 1 1272
1 2 14 57 0 3 0 2 2 980 991 2 0 1 4 11 6 2 0 0 0 1 2 3 472 3 2 1 0 0 3 1 0 0 1 4 8 12 15 0 678 3 2 0 4 2 1 0 0 0 0 0 0 0 0 1 0 5 4 328 355 11 0 4 1 0 0 0 0 1 1 1 2 3 1080 0 0 0 3 2 1 0 0 0 0 2 0 2 0 0 1 1 0 1 2 1273
9 10 33 7 0 1 1 1 7 0 993 0 1 2 17 0 1 0 2 0 0 1 2 3 505 30 2 1 0 6 1 0 0 0 1 2 2 0 0 7 8 698 0 1 13 4 1 2 0 0 0 0 0 0 1 2 3 3 2 0 2 356 369 5 2 1 1 0 0 0 0 0 4 5 0 1092 8 6 1 0 0 1 0 0 0 0 0 0 0 0 0 0 0 1 2 0
25 32 0 5 0 0 0 6 0 3 5 1001 1031 23 1 2 0 4 0 0 0 1 2 514 0 0 26 9 8 0 1 0 0 0 1 1 2 5 6 0 2 1 729 14 6 5 4 0 0 1 1 1 0 1 0 1 2 0 0 0 0 0 370 1 0 4 1 1 0 0 0 2 1 2 3 1104 5 4 3 2 0 3 2 0 0 0 0 0 1 1 0 0 0 1 2 1286
3 1 2 1 2 4 5 0 1 0 0 1 0 1033 0 12 7 1 0 0 1 2 0 515 1 0 0 15 14 13 9 6 2 0 0 1 1 0 1 0 0 9 731 7 1 0 0 0 1 2 2 2 1 2 0 0 0 0 0 0 0 1 376 0 9 3 2 4 2 0 0 0 0 1 2 1112 3 2 1 0 20 19 6 3 0 0 2 4 6 26 1 1 0 0 1 1287
2 0 1 0 1 0 0 1 0 1 0 0 1 1051 13 2 1 0 0 0 2 3 8 518 10 9 7 6 5 0 0 1 1 1 0 0 0 1 2 7 8 0 0 801 2 1 0 1 2 3 3 3 0 5 1 1 0 2 2 0 0 0 1 391 0 9 8 2 1 0 0 0 0 1 5 1119 0 0 25 24 1 2 1 1 0 0 2 5 11 2 27 33 0 2 5 1351
0 0 0 0 0 2 3 4 15 16 27 28 29 1094 5 1 0 1 0 0 1 0 10 535 4 3 2 1 0 3 1 0 0 0 0 0 0 0 1 0 11 0 0 53 804 0 2 2 3 4 4 4 1 0 8 0 3 14 1 0 0 1 0 392 10 0 1 0 0 0 0 1 1 2 0 1129 1171 28 1 0 0 0 1 0 0 0 1 1 2 1 0 1 36 0 1393 1
1 0 0 0 0 0 2 6 0 3 3 0 3 1100 1 0 0 3 0 0 1 2 3 560 6 5 4 3 1 0 0 0 0 0 0 1 1 3 8 9 29 48 52 0 0 806 808 820 825 837 5 5 2 1 9 0 0 1037 1053 1060 1062 1066 1067 394 12 2 0 1 1 0 1 2 0 1 2 4 1180 9 4 3 2 1 0 0 0 0 0 0 0 0 0 0 1 39 1394 0
